3.500000000000000000e+03 0.000000000000000000e+00 0.000000000000000000e+00 0.000000000000000000e+00 0.000000000000000000e+00 0.000000000000000000e+00 1.218534055308318803e-05 0.000000000000000000e+00 2.111143650197306113e-02 0.000000000000000000e+00 2.929133885724958594e-06 0.000000000000000000e+00 2.731153110060634487e-04 0.000000000000000000e+00 6.937068482473249253e-02 0.000000000000000000e+00 2.077177613251432041e-04 0.000000000000000000e+00 0.000000000000000000e+00 0.000000000000000000e+00 3.079810884662322057e-02 0.000000000000000000e+00 0.000000000000000000e+00 0.000000000000000000e+00 0.000000000000000000e+00 0.000000000000000000e+00 3.497015752030276370e-01 2.298690459463223201e-01 2.986532011305512713e-01
3.800000000000000000e+03 0.000000000000000000e+00 0.000000000000000000e+00 0.000000000000000000e+00 0.000000000000000000e+00 0.000000000000000000e+00 1.218534055308318972e-05 0.000000000000000000e+00 2.111143650197306113e-02 0.000000000000000000e+00 2.929133885724958171e-06 0.000000000000000000e+00 2.731153110060634487e-04 0.000000000000000000e+00 6.937068482473250641e-02 0.000000000000000000e+00 2.077177613251432583e-04 0.000000000000000000e+00 0.000000000000000000e+00 0.000000000000000000e+00 3.079810884662322057e-02 0.000000000000000000e+00 0.000000000000000000e+00 0.000000000000000000e+00 0.000000000000000000e+00 0.000000000000000000e+00 3.497015752030276925e-01 2.298690459463223201e-01 2.986532011305512713e-01
4.100000000000000000e+03 0.000000000000000000e+00 0.000000000000000000e+00 0.000000000000000000e+00 0.000000000000000000e+00 0.000000000000000000e+00 1.218534055308318803e-05 0.000000000000000000e+00 2.111143650197306113e-02 0.000000000000000000e+00 2.929133885724958171e-06 0.000000000000000000e+00 2.731153110060633945e-04 0.000000000000000000e+00 6.937068482473247866e-02 0.000000000000000000e+00 2.077177613251432041e-04 0.000000000000000000e+00 0.000000000000000000e+00 0.000000000000000000e+00 3.079810884662321016e-02 0.000000000000000000e+00 0.000000000000000000e+00 0.000000000000000000e+00 0.000000000000000000e+00 0.000000000000000000e+00 3.497015752030276370e-01 2.298690459463223201e-01 2.986532011305511602e-01
4.400000000000000000e+03 0.000000000000000000e+00 0.000000000000000000e+00 0.000000000000000000e+00 0.000000000000000000e+00 0.000000000000000000e+00 1.218534055308318803e-05 0.000000000000000000e+00 2.111143650197305766e-02 0.000000000000000000e+00 2.929133885724958171e-06 0.000000000000000000e+00 2.731153110060634487e-04 0.000000000000000000e+00 6.937068482473249253e-02 0.000000000000000000e+00 2.077177613251432312e-04 0.000000000000000000e+00 0.000000000000000000e+00 0.000000000000000000e+00 3.079810884662321710e-02 0.000000000000000000e+00 0.000000000000000000e+00 0.000000000000000000e+00 0.000000000000000000e+00 0.000000000000000000e+00 3.497015752030275815e-01 2.298690459463223479e-01 2.986532011305512158e-01
4.700000000000000000e+03 0.000000000000000000e+00 0.000000000000000000e+00 0.000000000000000000e+00 0.000000000000000000e+00 0.000000000000000000e+00 1.218534055308318803e-05 0.000000000000000000e+00 2.111143650197305766e-02 0.000000000000000000e+00 2.929133885724958594e-06 0.000000000000000000e+00 2.731153110060634487e-04 0.000000000000000000e+00 6.937068482473247866e-02 0.000000000000000000e+00 2.077177613251432041e-04 0.000000000000000000e+00 0.000000000000000000e+00 0.000000000000000000e+00 3.079810884662321710e-02 0.000000000000000000e+00 0.000000000000000000e+00 0.000000000000000000e+00 0.000000000000000000e+00 0.000000000000000000e+00 3.497015752030275815e-01 2.298690459463223479e-01 2.986532011305511602e-01
5.000000000000000000e+03 0.000000000000000000e+00 0.000000000000000000e+00 0.000000000000000000e+00 0.000000000000000000e+00 0.000000000000000000e+00 1.218534055308318803e-05 0.000000000000000000e+00 2.111143650197305766e-02 0.000000000000000000e+00 2.929133885724957747e-06 0.000000000000000000e+00 2.731153110060633945e-04 0.000000000000000000e+00 6.937068482473247866e-02 0.000000000000000000e+00 2.077177613251432312e-04 0.000000000000000000e+00 0.000000000000000000e+00 0.000000000000000000e+00 3.079810884662321710e-02 0.000000000000000000e+00 0.000000000000000000e+00 0.000000000000000000e+00 0.000000000000000000e+00 0.000000000000000000e+00 3.497015752030276370e-01 2.298690459463223479e-01 2.986532011305512158e-01
5.300000000000000000e+03 0.000000000000000000e+00 0.000000000000000000e+00 0.000000000000000000e+00 0.000000000000000000e+00 0.000000000000000000e+00 1.218534055308318972e-05 0.000000000000000000e+00 2.111143650197306806e-02 0.000000000000000000e+00 2.929133885724959018e-06 0.000000000000000000e+00 2.731153110060635029e-04 0.000000000000000000e+00 6.937068482473250641e-02 0.000000000000000000e+00 2.077177613251432855e-04 0.000000000000000000e+00 0.000000000000000000e+00 0.000000000000000000e+00 3.079810884662322404e-02 0.000000000000000000e+00 0.000000000000000000e+00 0.000000000000000000e+00 0.000000000000000000e+00 0.000000000000000000e+00 3.497015752030276370e-01 2.298690459463223756e-01 2.986532011305512713e-01
5.600000000000000000e+03 0.000000000000000000e+00 0.000000000000000000e+00 0.000000000000000000e+00 0.000000000000000000e+00 0.000000000000000000e+00 1.218534055308318803e-05 0.000000000000000000e+00 2.111143650197306113e-02 0.000000000000000000e+00 2.929133885724958171e-06 0.000000000000000000e+00 2.731153110060634487e-04 0.000000000000000000e+00 6.937068482473247866e-02 0.000000000000000000e+00 2.077177613251432312e-04 0.000000000000000000e+00 0.000000000000000000e+00 0.000000000000000000e+00 3.079810884662321710e-02 0.000000000000000000e+00 0.000000000000000000e+00 0.000000000000000000e+00 0.000000000000000000e+00 0.000000000000000000e+00 3.497015752030276370e-01 2.298690459463223201e-01 2.986532011305512158e-01
5.900000000000000000e+03 0.000000000000000000e+00 0.000000000000000000e+00 0.000000000000000000e+00 0.000000000000000000e+00 0.000000000000000000e+00 1.218534055308318634e-05 0.000000000000000000e+00 2.111143650197305766e-02 0.000000000000000000e+00 2.929133885724957747e-06 0.000000000000000000e+00 2.731153110060634487e-04 0.000000000000000000e+00 6.937068482473246478e-02 0.000000000000000000e+00 2.077177613251432041e-04 0.000000000000000000e+00 0.000000000000000000e+00 0.000000000000000000e+00 3.079810884662321363e-02 0.000000000000000000e+00 0.000000000000000000e+00 0.000000000000000000e+00 0.000000000000000000e+00 0.000000000000000000e+00 3.497015752030275815e-01 2.298690459463223201e-01 2.986532011305512158e-01
6.200000000000000000e+03 0.000000000000000000e+00 0.000000000000000000e+00 0.000000000000000000e+00 0.000000000000000000e+00 0.000000000000000000e+00 1.218534055308318803e-05 0.000000000000000000e+00 2.111143650197305766e-02 0.000000000000000000e+00 2.929133885724958171e-06 0.000000000000000000e+00 2.731153110060633945e-04 0.000000000000000000e+00 6.937068482473247866e-02 0.000000000000000000e+00 2.077177613251432041e-04 0.000000000000000000e+00 0.000000000000000000e+00 0.000000000000000000e+00 3.079810884662321710e-02 0.000000000000000000e+00 0.000000000000000000e+00 0.000000000000000000e+00 0.000000000000000000e+00 0.000000000000000000e+00 3.497015752030275815e-01 2.298690459463222924e-01 2.986532011305512158e-01
6.500000000000000000e+03 0.000000000000000000e+00 0.000000000000000000e+00 0.000000000000000000e+00 0.000000000000000000e+00 0.000000000000000000e+00 1.218534055308318803e-05 0.000000000000000000e+00 2.111143650197306113e-02 0.000000000000000000e+00 2.929133885724958594e-06 0.000000000000000000e+00 2.731153110060634487e-04 0.000000000000000000e+00 6.937068482473249253e-02 0.000000000000000000e+00 2.077177613251432583e-04 0.000000000000000000e+00 0.000000000000000000e+00 0.000000000000000000e+00 3.079810884662321710e-02 0.000000000000000000e+00 0.000000000000000000e+00 0.000000000000000000e+00 0.000000000000000000e+00 0.000000000000000000e+00 3.497015752030276370e-01 2.298690459463223479e-01 2.986532011305512158e-01
6.800000000000000000e+03 0.000000000000000000e+00 0.000000000000000000e+00 0.000000000000000000e+00 0.000000000000000000e+00 0.000000000000000000e+00 1.218534055308318972e-05 0.000000000000000000e+00 2.111143650197306113e-02 0.000000000000000000e+00 2.929133885724958171e-06 0.000000000000000000e+00 2.731153110060634487e-04 0.000000000000000000e+00 6.937068482473247866e-02 0.000000000000000000e+00 2.077177613251432312e-04 0.000000000000000000e+00 0.000000000000000000e+00 0.000000000000000000e+00 3.079810884662321710e-02 0.000000000000000000e+00 0.000000000000000000e+00 0.000000000000000000e+00 0.000000000000000000e+00 0.000000000000000000e+00 3.497015752030276370e-01 2.298690459463223201e-01 2.986532011305512158e-01
7.100000000000000000e+03 0.000000000000000000e+00 0.000000000000000000e+00 0.000000000000000000e+00 0.000000000000000000e+00 0.000000000000000000e+00 5.381640598875159052e-06 0.000000000000000000e+00 1.189247945335746015e-02 0.000000000000000000e+00 1.800969475201316770e-06 0.000000000000000000e+00 3.461060178617773528e-03 0.000000000000000000e+00 2.363235496797278651e-02 0.000000000000000000e+00 8.538694795794713431e-04 0.000000000000000000e+00 0.000000000000000000e+00 0.000000000000000000e+00 2.998374768549862124e-02 0.000000000000000000e+00 0.000000000000000000e+00 0.000000000000000000e+00 0.000000000000000000e+00 0.000000000000000000e+00 1.526269005999763007e-01 1.490901763042722095e-01 6.284522287206514291e-01
7.400000000000000000e+03 0.000000000000000000e+00 0.000000000000000000e+00 0.000000000000000000e+00 0.000000000000000000e+00 0.000000000000000000e+00 5.381640598875158205e-06 0.000000000000000000e+00 1.189247945335746015e-02 0.000000000000000000e+00 1.800969475201315923e-06 0.000000000000000000e+00 3.461060178617772660e-03 0.000000000000000000e+00 2.363235496797278304e-02 0.000000000000000000e+00 8.538694795794712347e-04 0.000000000000000000e+00 0.000000000000000000e+00 0.000000000000000000e+00 2.998374768549861083e-02 0.000000000000000000e+00 0.000000000000000000e+00 0.000000000000000000e+00 0.000000000000000000e+00 0.000000000000000000e+00 1.526269005999762729e-01 1.490901763042721817e-01 6.284522287206513180e-01
7.700000000000000000e+03 0.000000000000000000e+00 0.000000000000000000e+00 0.000000000000000000e+00 0.000000000000000000e+00 0.000000000000000000e+00 5.381640598875158205e-06 0.000000000000000000e+00 1.189247945335746015e-02 0.000000000000000000e+00 1.800969475201316346e-06 0.000000000000000000e+00 3.461060178617772660e-03 0.000000000000000000e+00 2.363235496797278651e-02 0.000000000000000000e+00 8.538694795794712347e-04 0.000000000000000000e+00 0.000000000000000000e+00 0.000000000000000000e+00 2.998374768549861083e-02 0.000000000000000000e+00 0.000000000000000000e+00 0.000000000000000000e+00 0.000000000000000000e+00 0.000000000000000000e+00 1.526269005999763007e-01 1.490901763042721817e-01 6.284522287206513180e-01
8.000000000000000000e+03 0.000000000000000000e+00 0.000000000000000000e+00 0.000000000000000000e+00 0.000000000000000000e+00 0.000000000000000000e+00 5.381640598875158205e-06 0.000000000000000000e+00 1.189247945335746015e-02 0.000000000000000000e+00 1.800969475201316346e-06 0.000000000000000000e+00 3.461060178617773094e-03 0.000000000000000000e+00 2.363235496797277957e-02 0.000000000000000000e+00 8.538694795794712347e-04 0.000000000000000000e+00 0.000000000000000000e+00 0.000000000000000000e+00 2.998374768549861083e-02 0.000000000000000000e+00 0.000000000000000000e+00 0.000000000000000000e+00 0.000000000000000000e+00 0.000000000000000000e+00 1.526269005999763007e-01 1.490901763042721817e-01 6.284522287206513180e-01
8.300000000000000000e+03 0.000000000000000000e+00 0.000000000000000000e+00 0.000000000000000000e+00 0.000000000000000000e+00 0.000000000000000000e+00 5.381640598875158205e-06 0.000000000000000000e+00 1.189247945335746015e-02 0.000000000000000000e+00 1.800969475201316558e-06 0.000000000000000000e+00 3.461060178617772660e-03 0.000000000000000000e+00 2.363235496797278304e-02 0.000000000000000000e+00 8.538694795794711263e-04 0.000000000000000000e+00 0.000000000000000000e+00 0.000000000000000000e+00 2.998374768549861083e-02 0.000000000000000000e+00 0.000000000000000000e+00 0.000000000000000000e+00 0.000000000000000000e+00 0.000000000000000000e+00 1.526269005999763007e-01 1.490901763042721817e-01 6.284522287206513180e-01
8.600000000000000000e+03 0.000000000000000000e+00 0.000000000000000000e+00 0.000000000000000000e+00 0.000000000000000000e+00 0.000000000000000000e+00 5.381640598875158205e-06 0.000000000000000000e+00 1.189247945335746189e-02 0.000000000000000000e+00 1.800969475201316346e-06 0.000000000000000000e+00 3.461060178617773094e-03 0.000000000000000000e+00 2.363235496797278651e-02 0.000000000000000000e+00 8.538694795794712347e-04 0.000000000000000000e+00 0.000000000000000000e+00 0.000000000000000000e+00 2.998374768549861430e-02 0.000000000000000000e+00 0.000000000000000000e+00 0.000000000000000000e+00 0.000000000000000000e+00 0.000000000000000000e+00 1.526269005999763007e-01 1.490901763042722095e-01 6.284522287206513180e-01
8.900000000000000000e+03 0.000000000000000000e+00 0.000000000000000000e+00 0.000000000000000000e+00 0.000000000000000000e+00 0.000000000000000000e+00 5.381640598875159052e-06 0.000000000000000000e+00 1.189247945335746015e-02 0.000000000000000000e+00 1.800969475201316346e-06 0.000000000000000000e+00 3.461060178617772227e-03 0.000000000000000000e+00 2.363235496797278304e-02 0.000000000000000000e+00 8.538694795794713431e-04 0.000000000000000000e+00 0.000000000000000000e+00 0.000000000000000000e+00 2.998374768549861430e-02 0.000000000000000000e+00 0.000000000000000000e+00 0.000000000000000000e+00 0.000000000000000000e+00 0.000000000000000000e+00 1.526269005999763007e-01 1.490901763042721817e-01 6.284522287206514291e-01
9.200000000000000000e+03 0.000000000000000000e+00 0.000000000000000000e+00 0.000000000000000000e+00 0.000000000000000000e+00 0.000000000000000000e+00 5.381640598875159052e-06 0.000000000000000000e+00 1.189247945335746189e-02 0.000000000000000000e+00 1.800969475201316558e-06 0.000000000000000000e+00 3.461060178617773094e-03 0.000000000000000000e+00 2.363235496797278304e-02 0.000000000000000000e+00 8.538694795794714515e-04 0.000000000000000000e+00 0.000000000000000000e+00 0.000000000000000000e+00 2.998374768549861430e-02 0.000000000000000000e+00 0.000000000000000000e+00 0.000000000000000000e+00 0.000000000000000000e+00 0.000000000000000000e+00 1.526269005999762729e-01 1.490901763042721817e-01 6.284522287206514291e-01
9.500000000000000000e+03 0.000000000000000000e+00 0.000000000000000000e+00 0.000000000000000000e+00 0.000000000000000000e+00 0.000000000000000000e+00 5.381640598875157358e-06 0.000000000000000000e+00 1.189247945335746015e-02 0.000000000000000000e+00 1.800969475201316135e-06 0.000000000000000000e+00 3.461060178617773094e-03 0.000000000000000000e+00 2.363235496797278651e-02 0.000000000000000000e+00 8.538694795794713431e-04 0.000000000000000000e+00 0.000000000000000000e+00 0.000000000000000000e+00 2.998374768549861430e-02 0.000000000000000000e+00 0.000000000000000000e+00 0.000000000000000000e+00 0.000000000000000000e+00 0.000000000000000000e+00 1.526269005999762729e-01 1.490901763042721817e-01 6.284522287206513180e-01
9.800000000000000000e+03 0.000000000000000000e+00 0.000000000000000000e+00 0.000000000000000000e+00 0.000000000000000000e+00 0.000000000000000000e+00 5.381640598875158205e-06 0.000000000000000000e+00 1.189247945335746189e-02 0.000000000000000000e+00 1.800969475201316346e-06 0.000000000000000000e+00 3.461060178617773094e-03 0.000000000000000000e+00 2.363235496797278998e-02 0.000000000000000000e+00 8.538694795794713431e-04 0.000000000000000000e+00 0.000000000000000000e+00 0.000000000000000000e+00 2.998374768549861777e-02 0.000000000000000000e+00 0.000000000000000000e+00 0.000000000000000000e+00 0.000000000000000000e+00 0.000000000000000000e+00 1.526269005999763284e-01 1.490901763042722095e-01 6.284522287206513180e-01
1.010000000000000000e+04 0.000000000000000000e+00 0.000000000000000000e+00 0.000000000000000000e+00 0.000000000000000000e+00 0.000000000000000000e+00 6.531659684206056377e-06 0.000000000000000000e+00 9.399862937387119463e-03 0.000000000000000000e+00 1.475027844976921064e-06 0.000000000000000000e+00 1.859742696264207462e-01 0.000000000000000000e+00 4.581965518338141918e-01 0.000000000000000000e+00 1.873672468410761127e-01 0.000000000000000000e+00 0.000000000000000000e+00 0.000000000000000000e+00 5.590751237679639218e-02 0.000000000000000000e+00 0.000000000000000000e+00 0.000000000000000000e+00 0.000000000000000000e+00 0.000000000000000000e+00 5.260400884393590104e-02 3.340678811552089816e-02 1.713575273751933442e-02
1.040000000000000000e+04 0.000000000000000000e+00 0.000000000000000000e+00 0.000000000000000000e+00 0.000000000000000000e+00 0.000000000000000000e+00 6.531659684206057224e-06 0.000000000000000000e+00 9.399862937387121198e-03 0.000000000000000000e+00 1.475027844976921487e-06 0.000000000000000000e+00 1.859742696264208017e-01 0.000000000000000000e+00 4.581965518338142473e-01 0.000000000000000000e+00 1.873672468410761405e-01 0.000000000000000000e+00 0.000000000000000000e+00 0.000000000000000000e+00 5.590751237679639912e-02 0.000000000000000000e+00 0.000000000000000000e+00 0.000000000000000000e+00 0.000000000000000000e+00 0.000000000000000000e+00 5.260400884393591492e-02 3.340678811552089122e-02 1.713575273751933789e-02
1.070000000000000000e+04 0.000000000000000000e+00 0.000000000000000000e+00 0.000000000000000000e+00 0.000000000000000000e+00 0.000000000000000000e+00 6.531659684206058071e-06 0.000000000000000000e+00 9.399862937387121198e-03 0.000000000000000000e+00 1.475027844976921699e-06 0.000000000000000000e+00 1.859742696264208295e-01 0.000000000000000000e+00 4.581965518338142473e-01 0.000000000000000000e+00 1.873672468410761960e-01 0.000000000000000000e+00 0.000000000000000000e+00 0.000000000000000000e+00 5.590751237679639912e-02 0.000000000000000000e+00 0.000000000000000000e+00 0.000000000000000000e+00 0.000000000000000000e+00 0.000000000000000000e+00 5.260400884393592186e-02 3.340678811552089816e-02 1.713575273751933789e-02
1.100000000000000000e+04 0.000000000000000000e+00 0.000000000000000000e+00 0.000000000000000000e+00 0.000000000000000000e+00 0.000000000000000000e+00 6.531659684206057224e-06 0.000000000000000000e+00 9.399862937387121198e-03 0.000000000000000000e+00 1.475027844976921911e-06 0.000000000000000000e+00 1.859742696264208017e-01 0.000000000000000000e+00 4.581965518338143029e-01 0.000000000000000000e+00 1.873672468410761682e-01 0.000000000000000000e+00 0.000000000000000000e+00 0.000000000000000000e+00 5.590751237679639912e-02 0.000000000000000000e+00 0.000000000000000000e+00 0.000000000000000000e+00 0.000000000000000000e+00 0.000000000000000000e+00 5.260400884393592186e-02 3.340678811552089816e-02 1.713575273751933789e-02
1.130000000000000000e+04 0.000000000000000000e+00 0.000000000000000000e+00 0.000000000000000000e+00 0.000000000000000000e+00 0.000000000000000000e+00 6.531659684206055530e-06 0.000000000000000000e+00 9.399862937387117728e-03 0.000000000000000000e+00 1.475027844976920852e-06 0.000000000000000000e+00 1.859742696264207462e-01 0.000000000000000000e+00 4.581965518338141363e-01 0.000000000000000000e+00 1.873672468410760850e-01 0.000000000000000000e+00 0.000000000000000000e+00 0.000000000000000000e+00 5.590751237679638525e-02 0.000000000000000000e+00 0.000000000000000000e+00 0.000000000000000000e+00 0.000000000000000000e+00 0.000000000000000000e+00 5.260400884393590798e-02 3.340678811552088429e-02 1.713575273751933442e-02
1.160000000000000000e+04 0.000000000000000000e+00 0.000000000000000000e+00 0.000000000000000000e+00 0.000000000000000000e+00 0.000000000000000000e+00 6.531659684206056377e-06 0.000000000000000000e+00 9.399862937387121198e-03 0.000000000000000000e+00 1.475027844976921487e-06 0.000000000000000000e+00 1.859742696264207740e-01 0.000000000000000000e+00 4.581965518338141918e-01 0.000000000000000000e+00 1.873672468410761405e-01 0.000000000000000000e+00 0.000000000000000000e+00 0.000000000000000000e+00 5.590751237679639912e-02 0.000000000000000000e+00 0.000000000000000000e+00 0.000000000000000000e+00 0.000000000000000000e+00 0.000000000000000000e+00 5.260400884393591492e-02 3.340678811552089122e-02 1.713575273751933442e-02
1.190000000000000000e+04 0.000000000000000000e+00 0.000000000000000000e+00 0.000000000000000000e+00 0.000000000000000000e+00 0.000000000000000000e+00 6.531659684206058071e-06 0.000000000000000000e+00 9.399862937387121198e-03 0.000000000000000000e+00 1.475027844976921487e-06 0.000000000000000000e+00 1.859742696264208017e-01 0.000000000000000000e+00 4.581965518338142473e-01 0.000000000000000000e+00 1.873672468410761405e-01 0.000000000000000000e+00 0.000000000000000000e+00 0.000000000000000000e+00 5.590751237679639912e-02 0.000000000000000000e+00 0.000000000000000000e+00 0.000000000000000000e+00 0.000000000000000000e+00 0.000000000000000000e+00 5.260400884393591492e-02 3.340678811552089816e-02 1.713575273751933789e-02
1.220000000000000000e+04 0.000000000000000000e+00 0.000000000000000000e+00 0.000000000000000000e+00 0.000000000000000000e+00 0.000000000000000000e+00 6.531659684206057224e-06 0.000000000000000000e+00 9.399862937387119463e-03 0.000000000000000000e+00 1.475027844976921487e-06 0.000000000000000000e+00 1.859742696264208017e-01 0.000000000000000000e+00 4.581965518338141918e-01 0.000000000000000000e+00 1.873672468410761405e-01 0.000000000000000000e+00 0.000000000000000000e+00 0.000000000000000000e+00 5.590751237679637831e-02 0.000000000000000000e+00 0.000000000000000000e+00 0.000000000000000000e+00 0.000000000000000000e+00 0.000000000000000000e+00 5.260400884393590798e-02 3.340678811552089122e-02 1.713575273751933442e-02
1.250000000000000000e+04 0.000000000000000000e+00 0.000000000000000000e+00 0.000000000000000000e+00 0.000000000000000000e+00 0.000000000000000000e+00 6.531659684206057224e-06 0.000000000000000000e+00 9.399862937387119463e-03 0.000000000000000000e+00 1.475027844976921487e-06 0.000000000000000000e+00 1.859742696264207740e-01 0.000000000000000000e+00 4.581965518338141363e-01 0.000000000000000000e+00 1.873672468410761127e-01 0.000000000000000000e+00 0.000000000000000000e+00 0.000000000000000000e+00 5.590751237679639218e-02 0.000000000000000000e+00 0.000000000000000000e+00 0.000000000000000000e+00 0.000000000000000000e+00 0.000000000000000000e+00 5.260400884393590798e-02 3.340678811552089122e-02 1.713575273751933442e-02
1.280000000000000000e+04 0.000000000000000000e+00 0.000000000000000000e+00 0.000000000000000000e+00 0.000000000000000000e+00 0.000000000000000000e+00 6.531659684206057224e-06 0.000000000000000000e+00 9.399862937387119463e-03 0.000000000000000000e+00 1.475027844976921487e-06 0.000000000000000000e+00 1.859742696264208017e-01 0.000000000000000000e+00 4.581965518338141918e-01 0.000000000000000000e+00 1.873672468410761682e-01 0.000000000000000000e+00 0.000000000000000000e+00 0.000000000000000000e+00 5.590751237679639912e-02 0.000000000000000000e+00 0.000000000000000000e+00 0.000000000000000000e+00 0.000000000000000000e+00 0.000000000000000000e+00 5.260400884393591492e-02 3.340678811552089816e-02 1.713575273751933789e-02
1.310000000000000000e+04 0.000000000000000000e+00 0.000000000000000000e+00 0.000000000000000000e+00 0.000000000000000000e+00 0.000000000000000000e+00 9.789464884720888699e-06 0.000000000000000000e+00 9.083030982962926325e-01 0.000000000000000000e+00 7.125657766079278391e-07 0.000000000000000000e+00 2.503361397649432260e-02 0.000000000000000000e+00 6.070732407525020191e-02 0.000000000000000000e+00 2.436208365847199035e-05 0.000000000000000000e+00 0.000000000000000000e+00 0.000000000000000000e+00 9.500676958410606303e-04 0.000000000000000000e+00 0.000000000000000000e+00 0.000000000000000000e+00 0.000000000000000000e+00 0.000000000000000000e+00 1.638376625933519407e-03 1.261049906094889204e-03 2.071605309773584189e-03
1.340000000000000000e+04 0.000000000000000000e+00 0.000000000000000000e+00 0.000000000000000000e+00 0.000000000000000000e+00 0.000000000000000000e+00 9.789464884720888699e-06 0.000000000000000000e+00 9.083030982962925215e-01 0.000000000000000000e+00 7.125657766079276274e-07 0.000000000000000000e+00 2.503361397649431566e-02 0.000000000000000000e+00 6.070732407525020191e-02 0.000000000000000000e+00 2.436208365847198357e-05 0.000000000000000000e+00 0.000000000000000000e+00 0.000000000000000000e+00 9.500676958410604134e-04 0.000000000000000000e+00 0.000000000000000000e+00 0.000000000000000000e+00 0.000000000000000000e+00 0.000000000000000000e+00 1.638376625933519190e-03 1.261049906094888987e-03 2.071605309773583755e-03
1.370000000000000000e+04 0.000000000000000000e+00 0.000000000000000000e+00 0.000000000000000000e+00 0.000000000000000000e+00 0.000000000000000000e+00 9.789464884720888699e-06 0.000000000000000000e+00 9.083030982962926325e-01 0.000000000000000000e+00 7.125657766079277332e-07 0.000000000000000000e+00 2.503361397649432260e-02 0.000000000000000000e+00 6.070732407525020885e-02 0.000000000000000000e+00 2.436208365847198696e-05 0.000000000000000000e+00 0.000000000000000000e+00 0.000000000000000000e+00 9.500676958410606303e-04 0.000000000000000000e+00 0.000000000000000000e+00 0.000000000000000000e+00 0.000000000000000000e+00 0.000000000000000000e+00 1.638376625933519624e-03 1.261049906094889421e-03 2.071605309773584189e-03
1.400000000000000000e+04 0.000000000000000000e+00 0.000000000000000000e+00 0.000000000000000000e+00 0.000000000000000000e+00 0.000000000000000000e+00 9.789464884720892087e-06 0.000000000000000000e+00 9.083030982962925215e-01 0.000000000000000000e+00 7.125657766079278391e-07 0.000000000000000000e+00 2.503361397649432260e-02 0.000000000000000000e+00 6.070732407525020191e-02 0.000000000000000000e+00 2.436208365847198696e-05 0.000000000000000000e+00 0.000000000000000000e+00 0.000000000000000000e+00 9.500676958410605218e-04 0.000000000000000000e+00 0.000000000000000000e+00 0.000000000000000000e+00 0.000000000000000000e+00 0.000000000000000000e+00 1.638376625933519624e-03 1.261049906094889204e-03 2.071605309773584189e-03
1.430000000000000000e+04 0.000000000000000000e+00 0.000000000000000000e+00 0.000000000000000000e+00 0.000000000000000000e+00 0.000000000000000000e+00 9.789464884720890393e-06 0.000000000000000000e+00 9.083030982962926325e-01 0.000000000000000000e+00 7.125657766079277332e-07 0.000000000000000000e+00 2.503361397649431913e-02 0.000000000000000000e+00 6.070732407525020191e-02 0.000000000000000000e+00 2.436208365847198696e-05 0.000000000000000000e+00 0.000000000000000000e+00 0.000000000000000000e+00 9.500676958410606303e-04 0.000000000000000000e+00 0.000000000000000000e+00 0.000000000000000000e+00 0.000000000000000000e+00 0.000000000000000000e+00 1.638376625933519407e-03 1.261049906094889204e-03 2.071605309773584189e-03
1.460000000000000000e+04 0.000000000000000000e+00 0.000000000000000000e+00 0.000000000000000000e+00 0.000000000000000000e+00 0.000000000000000000e+00 9.789464884720888699e-06 0.000000000000000000e+00 9.083030982962924105e-01 0.000000000000000000e+00 7.125657766079277332e-07 0.000000000000000000e+00 2.503361397649431566e-02 0.000000000000000000e+00 6.070732407525019497e-02 0.000000000000000000e+00 2.436208365847198357e-05 0.000000000000000000e+00 0.000000000000000000e+00 0.000000000000000000e+00 9.500676958410603050e-04 0.000000000000000000e+00 0.000000000000000000e+00 0.000000000000000000e+00 0.000000000000000000e+00 0.000000000000000000e+00 1.638376625933518974e-03 1.261049906094888987e-03 2.071605309773583755e-03
1.490000000000000000e+04 0.000000000000000000e+00 0.000000000000000000e+00 0.000000000000000000e+00 0.000000000000000000e+00 0.000000000000000000e+00 9.789464884720890393e-06 0.000000000000000000e+00 9.083030982962927435e-01 0.000000000000000000e+00 7.125657766079279450e-07 0.000000000000000000e+00 2.503361397649432607e-02 0.000000000000000000e+00 6.070732407525021579e-02 0.000000000000000000e+00 2.436208365847199035e-05 0.000000000000000000e+00 0.000000000000000000e+00 0.000000000000000000e+00 9.500676958410607387e-04 0.000000000000000000e+00 0.000000000000000000e+00 0.000000000000000000e+00 0.000000000000000000e+00 0.000000000000000000e+00 1.638376625933519624e-03 1.261049906094889421e-03 2.071605309773584622e-03
1.520000000000000000e+04 0.000000000000000000e+00 0.000000000000000000e+00 0.000000000000000000e+00 0.000000000000000000e+00 0.000000000000000000e+00 9.789464884720890393e-06 0.000000000000000000e+00 9.083030982962926325e-01 0.000000000000000000e+00 7.125657766079278391e-07 0.000000000000000000e+00 2.503361397649432260e-02 0.000000000000000000e+00 6.070732407525020191e-02 0.000000000000000000e+00 2.436208365847198696e-05 0.000000000000000000e+00 0.000000000000000000e+00 0.000000000000000000e+00 9.500676958410606303e-04 0.000000000000000000e+00 0.000000000000000000e+00 0.000000000000000000e+00 0.000000000000000000e+00 0.000000000000000000e+00 1.638376625933519407e-03 1.261049906094889204e-03 2.071605309773584189e-03
1.550000000000000000e+04 0.000000000000000000e+00 0.000000000000000000e+00 0.000000000000000000e+00 0.000000000000000000e+00 0.000000000000000000e+00 9.789464884720890393e-06 0.000000000000000000e+00 9.083030982962926325e-01 0.000000000000000000e+00 7.125657766079279450e-07 0.000000000000000000e+00 2.503361397649432260e-02 0.000000000000000000e+00 6.070732407525020191e-02 0.000000000000000000e+00 2.436208365847198696e-05 0.000000000000000000e+00 0.000000000000000000e+00 0.000000000000000000e+00 9.500676958410605218e-04 0.000000000000000000e+00 0.000000000000000000e+00 0.000000000000000000e+00 0.000000000000000000e+00 0.000000000000000000e+00 1.638376625933519624e-03 1.261049906094889204e-03 2.071605309773584189e-03
1.580000000000000000e+04 0.000000000000000000e+00 0.000000000000000000e+00 0.000000000000000000e+00 0.000000000000000000e+00 0.000000000000000000e+00 9.789464884720890393e-06 0.000000000000000000e+00 9.083030982962927435e-01 0.000000000000000000e+00 7.125657766079279450e-07 0.000000000000000000e+00 2.503361397649432260e-02 0.000000000000000000e+00 6.070732407525021579e-02 0.000000000000000000e+00 2.436208365847199035e-05 0.000000000000000000e+00 0.000000000000000000e+00 0.000000000000000000e+00 9.500676958410607387e-04 0.000000000000000000e+00 0.000000000000000000e+00 0.000000000000000000e+00 0.000000000000000000e+00 0.000000000000000000e+00 1.638376625933519841e-03 1.261049906094889638e-03 2.071605309773584622e-03
1.610000000000000000e+04 0.000000000000000000e+00 0.000000000000000000e+00 0.000000000000000000e+00 0.000000000000000000e+00 0.000000000000000000e+00 9.789464884720892087e-06 0.000000000000000000e+00 9.083030982962928546e-01 0.000000000000000000e+00 7.125657766079280509e-07 0.000000000000000000e+00 2.503361397649433301e-02 0.000000000000000000e+00 6.070732407525022967e-02 0.000000000000000000e+00 2.436208365847199374e-05 0.000000000000000000e+00 0.000000000000000000e+00 0.000000000000000000e+00 9.500676958410607387e-04 0.000000000000000000e+00 0.000000000000000000e+00 0.000000000000000000e+00 0.000000000000000000e+00 0.000000000000000000e+00 1.638376625933520058e-03 1.261049906094889855e-03 2.071605309773584622e-03
1.640000000000000000e+04 0.000000000000000000e+00 0.000000000000000000e+00 0.000000000000000000e+00 0.000000000000000000e+00 0.000000000000000000e+00 9.789464884720890393e-06 0.000000000000000000e+00 9.083030982962925215e-01 0.000000000000000000e+00 7.125657766079278391e-07 0.000000000000000000e+00 2.503361397649431913e-02 0.000000000000000000e+00 6.070732407525020885e-02 0.000000000000000000e+00 2.436208365847198696e-05 0.000000000000000000e+00 0.000000000000000000e+00 0.000000000000000000e+00 9.500676958410604134e-04 0.000000000000000000e+00 0.000000000000000000e+00 0.000000000000000000e+00 0.000000000000000000e+00 0.000000000000000000e+00 1.638376625933519190e-03 1.261049906094888987e-03 2.071605309773584189e-03
1.670000000000000000e+04 0.000000000000000000e+00 0.000000000000000000e+00 0.000000000000000000e+00 0.000000000000000000e+00 0.000000000000000000e+00 9.789464884720890393e-06 0.000000000000000000e+00 9.083030982962926325e-01 0.000000000000000000e+00 7.125657766079277332e-07 0.000000000000000000e+00 2.503361397649432260e-02 0.000000000000000000e+00 6.070732407525020191e-02 0.000000000000000000e+00 2.436208365847198696e-05 0.000000000000000000e+00 0.000000000000000000e+00 0.000000000000000000e+00 9.500676958410605218e-04 0.000000000000000000e+00 0.000000000000000000e+00 0.000000000000000000e+00 0.000000000000000000e+00 0.000000000000000000e+00 1.638376625933519407e-03 1.261049906094889421e-03 2.071605309773584622e-03
1.700000000000000000e+04 0.000000000000000000e+00 0.000000000000000000e+00 0.000000000000000000e+00 0.000000000000000000e+00 0.000000000000000000e+00 1.503596850268545115e-01 0.000000000000000000e+00 6.524142542922863885e-01 0.000000000000000000e+00 6.354278173746831515e-02 0.000000000000000000e+00 1.301322284690519526e-01 0.000000000000000000e+00 1.010472691196074007e-04 0.000000000000000000e+00 9.875762558735618596e-05 0.000000000000000000e+00 0.000000000000000000e+00 0.000000000000000000e+00 1.063408561987813552e-03 0.000000000000000000e+00 0.000000000000000000e+00 0.000000000000000000e+00 0.000000000000000000e+00 0.000000000000000000e+00 1.428039208081286664e-03 2.489313888469517409e-04 6.108664207157624149e-04
1.730000000000000000e+04 0.000000000000000000e+00 0.000000000000000000e+00 0.000000000000000000e+00 0.000000000000000000e+00 0.000000000000000000e+00 1.503596850268545115e-01 0.000000000000000000e+00 6.524142542922863885e-01 0.000000000000000000e+00 6.354278173746831515e-02 0.000000000000000000e+00 1.301322284690519526e-01 0.000000000000000000e+00 1.010472691196074007e-04 0.000000000000000000e+00 9.875762558735618596e-05 0.000000000000000000e+00 0.000000000000000000e+00 0.000000000000000000e+00 1.063408561987813769e-03 0.000000000000000000e+00 0.000000000000000000e+00 0.000000000000000000e+00 0.000000000000000000e+00 0.000000000000000000e+00 1.428039208081286664e-03 2.489313888469517409e-04 6.108664207157625233e-04
1.760000000000000000e+04 0.000000000000000000e+00 0.000000000000000000e+00 0.000000000000000000e+00 0.000000000000000000e+00 0.000000000000000000e+00 1.503596850268545115e-01 0.000000000000000000e+00 6.524142542922862775e-01 0.000000000000000000e+00 6.354278173746832903e-02 0.000000000000000000e+00 1.301322284690519526e-01 0.000000000000000000e+00 1.010472691196074143e-04 0.000000000000000000e+00 9.875762558735619952e-05 0.000000000000000000e+00 0.000000000000000000e+00 0.000000000000000000e+00 1.063408561987813769e-03 0.000000000000000000e+00 0.000000000000000000e+00 0.000000000000000000e+00 0.000000000000000000e+00 0.000000000000000000e+00 1.428039208081286447e-03 2.489313888469517409e-04 6.108664207157625233e-04
1.790000000000000000e+04 0.000000000000000000e+00 0.000000000000000000e+00 0.000000000000000000e+00 0.000000000000000000e+00 0.000000000000000000e+00 1.503596850268545115e-01 0.000000000000000000e+00 6.524142542922863885e-01 0.000000000000000000e+00 6.354278173746832903e-02 0.000000000000000000e+00 1.301322284690519526e-01 0.000000000000000000e+00 1.010472691196073871e-04 0.000000000000000000e+00 9.875762558735618596e-05 0.000000000000000000e+00 0.000000000000000000e+00 0.000000000000000000e+00 1.063408561987813769e-03 0.000000000000000000e+00 0.000000000000000000e+00 0.000000000000000000e+00 0.000000000000000000e+00 0.000000000000000000e+00 1.428039208081286664e-03 2.489313888469517409e-04 6.108664207157625233e-04
1.820000000000000000e+04 0.000000000000000000e+00 0.000000000000000000e+00 0.000000000000000000e+00 0.000000000000000000e+00 0.000000000000000000e+00 1.503596850268545393e-01 0.000000000000000000e+00 6.524142542922863885e-01 0.000000000000000000e+00 6.354278173746831515e-02 0.000000000000000000e+00 1.301322284690519526e-01 0.000000000000000000e+00 1.010472691196074143e-04 0.000000000000000000e+00 9.875762558735621307e-05 0.000000000000000000e+00 0.000000000000000000e+00 0.000000000000000000e+00 1.063408561987813986e-03 0.000000000000000000e+00 0.000000000000000000e+00 0.000000000000000000e+00 0.000000000000000000e+00 0.000000000000000000e+00 1.428039208081286664e-03 2.489313888469517951e-04 6.108664207157626317e-04
1.850000000000000000e+04 0.000000000000000000e+00 0.000000000000000000e+00 0.000000000000000000e+00 0.000000000000000000e+00 0.000000000000000000e+00 1.503596850268545115e-01 0.000000000000000000e+00 6.524142542922863885e-01 0.000000000000000000e+00 6.354278173746831515e-02 0.000000000000000000e+00 1.301322284690519249e-01 0.000000000000000000e+00 1.010472691196073871e-04 0.000000000000000000e+00 9.875762558735618596e-05 0.000000000000000000e+00 0.000000000000000000e+00 0.000000000000000000e+00 1.063408561987813769e-03 0.000000000000000000e+00 0.000000000000000000e+00 0.000000000000000000e+00 0.000000000000000000e+00 0.000000000000000000e+00 1.428039208081286447e-03 2.489313888469517951e-04 6.108664207157625233e-04
1.880000000000000000e+04 0.000000000000000000e+00 0.000000000000000000e+00 0.000000000000000000e+00 0.000000000000000000e+00 0.000000000000000000e+00 1.503596850268545393e-01 0.000000000000000000e+00 6.524142542922864996e-01 0.000000000000000000e+00 6.354278173746831515e-02 0.000000000000000000e+00 1.301322284690519526e-01 0.000000000000000000e+00 1.010472691196074143e-04 0.000000000000000000e+00 9.875762558735619952e-05 0.000000000000000000e+00 0.000000000000000000e+00 0.000000000000000000e+00 1.063408561987813986e-03 0.000000000000000000e+00 0.000000000000000000e+00 0.000000000000000000e+00 0.000000000000000000e+00 0.000000000000000000e+00 1.428039208081286447e-03 2.489313888469517951e-04 6.108664207157625233e-04
1.910000000000000000e+04 0.000000000000000000e+00 0.000000000000000000e+00 0.000000000000000000e+00 0.000000000000000000e+00 0.000000000000000000e+00 1.503596850268545115e-01 0.000000000000000000e+00 6.524142542922863885e-01 0.000000000000000000e+00 6.354278173746831515e-02 0.000000000000000000e+00 1.301322284690519526e-01 0.000000000000000000e+00 1.010472691196074007e-04 0.000000000000000000e+00 9.875762558735618596e-05 0.000000000000000000e+00 0.000000000000000000e+00 0.000000000000000000e+00 1.063408561987813552e-03 0.000000000000000000e+00 0.000000000000000000e+00 0.000000000000000000e+00 0.000000000000000000e+00 0.000000000000000000e+00 1.428039208081286447e-03 2.489313888469517409e-04 6.108664207157625233e-04
1.940000000000000000e+04 0.000000000000000000e+00 0.000000000000000000e+00 0.000000000000000000e+00 0.000000000000000000e+00 0.000000000000000000e+00 1.503596850268545393e-01 0.000000000000000000e+00 6.524142542922863885e-01 0.000000000000000000e+00 6.354278173746834291e-02 0.000000000000000000e+00 1.301322284690519804e-01 0.000000000000000000e+00 1.010472691196074143e-04 0.000000000000000000e+00 9.875762558735621307e-05 0.000000000000000000e+00 0.000000000000000000e+00 0.000000000000000000e+00 1.063408561987813986e-03 0.000000000000000000e+00 0.000000000000000000e+00 0.000000000000000000e+00 0.000000000000000000e+00 0.000000000000000000e+00 1.428039208081286664e-03 2.489313888469517951e-04 6.108664207157625233e-04
1.970000000000000000e+04 0.000000000000000000e+00 0.000000000000000000e+00 0.000000000000000000e+00 0.000000000000000000e+00 0.000000000000000000e+00 1.503596850268545115e-01 0.000000000000000000e+00 6.524142542922862775e-01 0.000000000000000000e+00 6.354278173746831515e-02 0.000000000000000000e+00 1.301322284690519526e-01 0.000000000000000000e+00 1.010472691196073871e-04 0.000000000000000000e+00 9.875762558735619952e-05 0.000000000000000000e+00 0.000000000000000000e+00 0.000000000000000000e+00 1.063408561987813552e-03 0.000000000000000000e+00 0.000000000000000000e+00 0.000000000000000000e+00 0.000000000000000000e+00 0.000000000000000000e+00 1.428039208081286447e-03 2.489313888469517409e-04 6.108664207157624149e-04
