3.500000000000000000e+03 0.000000000000000000e+00 0.000000000000000000e+00 0.000000000000000000e+00 0.000000000000000000e+00 0.000000000000000000e+00 1.136696734829106879e-05 0.000000000000000000e+00 2.027259820246933228e-02 0.000000000000000000e+00 2.899419840308226085e-06 0.000000000000000000e+00 2.603497537825569860e-04 0.000000000000000000e+00 6.528535051468283001e-02 0.000000000000000000e+00 2.022533950173419732e-04 0.000000000000000000e+00 0.000000000000000000e+00 0.000000000000000000e+00 2.839225358877703331e-02 0.000000000000000000e+00 0.000000000000000000e+00 0.000000000000000000e+00 0.000000000000000000e+00 0.000000000000000000e+00 3.503771540566697484e-01 2.162856991842388998e-01 3.189100749171735472e-01
3.800000000000000000e+03 0.000000000000000000e+00 0.000000000000000000e+00 0.000000000000000000e+00 0.000000000000000000e+00 0.000000000000000000e+00 1.136696734829106541e-05 0.000000000000000000e+00 2.027259820246933228e-02 0.000000000000000000e+00 2.899419840308226085e-06 0.000000000000000000e+00 2.603497537825569860e-04 0.000000000000000000e+00 6.528535051468285777e-02 0.000000000000000000e+00 2.022533950173419732e-04 0.000000000000000000e+00 0.000000000000000000e+00 0.000000000000000000e+00 2.839225358877703678e-02 0.000000000000000000e+00 0.000000000000000000e+00 0.000000000000000000e+00 0.000000000000000000e+00 0.000000000000000000e+00 3.503771540566697484e-01 2.162856991842389276e-01 3.189100749171736027e-01
4.100000000000000000e+03 0.000000000000000000e+00 0.000000000000000000e+00 0.000000000000000000e+00 0.000000000000000000e+00 0.000000000000000000e+00 1.136696734829106710e-05 0.000000000000000000e+00 2.027259820246933575e-02 0.000000000000000000e+00 2.899419840308226932e-06 0.000000000000000000e+00 2.603497537825570402e-04 0.000000000000000000e+00 6.528535051468285777e-02 0.000000000000000000e+00 2.022533950173420003e-04 0.000000000000000000e+00 0.000000000000000000e+00 0.000000000000000000e+00 2.839225358877703678e-02 0.000000000000000000e+00 0.000000000000000000e+00 0.000000000000000000e+00 0.000000000000000000e+00 0.000000000000000000e+00 3.503771540566698039e-01 2.162856991842389831e-01 3.189100749171735472e-01
4.400000000000000000e+03 0.000000000000000000e+00 0.000000000000000000e+00 0.000000000000000000e+00 0.000000000000000000e+00 0.000000000000000000e+00 1.136696734829106879e-05 0.000000000000000000e+00 2.027259820246933575e-02 0.000000000000000000e+00 2.899419840308226509e-06 0.000000000000000000e+00 2.603497537825570402e-04 0.000000000000000000e+00 6.528535051468285777e-02 0.000000000000000000e+00 2.022533950173420003e-04 0.000000000000000000e+00 0.000000000000000000e+00 0.000000000000000000e+00 2.839225358877703678e-02 0.000000000000000000e+00 0.000000000000000000e+00 0.000000000000000000e+00 0.000000000000000000e+00 0.000000000000000000e+00 3.503771540566698039e-01 2.162856991842389276e-01 3.189100749171736027e-01
4.700000000000000000e+03 0.000000000000000000e+00 0.000000000000000000e+00 0.000000000000000000e+00 0.000000000000000000e+00 0.000000000000000000e+00 1.136696734829106879e-05 0.000000000000000000e+00 2.027259820246933575e-02 0.000000000000000000e+00 2.899419840308226509e-06 0.000000000000000000e+00 2.603497537825569860e-04 0.000000000000000000e+00 6.528535051468284389e-02 0.000000000000000000e+00 2.022533950173420003e-04 0.000000000000000000e+00 0.000000000000000000e+00 0.000000000000000000e+00 2.839225358877704025e-02 0.000000000000000000e+00 0.000000000000000000e+00 0.000000000000000000e+00 0.000000000000000000e+00 0.000000000000000000e+00 3.503771540566698039e-01 2.162856991842389276e-01 3.189100749171736027e-01
5.000000000000000000e+03 0.000000000000000000e+00 0.000000000000000000e+00 0.000000000000000000e+00 0.000000000000000000e+00 0.000000000000000000e+00 1.136696734829106879e-05 0.000000000000000000e+00 2.027259820246933575e-02 0.000000000000000000e+00 2.899419840308226085e-06 0.000000000000000000e+00 2.603497537825570402e-04 0.000000000000000000e+00 6.528535051468285777e-02 0.000000000000000000e+00 2.022533950173419732e-04 0.000000000000000000e+00 0.000000000000000000e+00 0.000000000000000000e+00 2.839225358877703678e-02 0.000000000000000000e+00 0.000000000000000000e+00 0.000000000000000000e+00 0.000000000000000000e+00 0.000000000000000000e+00 3.503771540566698595e-01 2.162856991842388998e-01 3.189100749171736027e-01
5.300000000000000000e+03 0.000000000000000000e+00 0.000000000000000000e+00 0.000000000000000000e+00 0.000000000000000000e+00 0.000000000000000000e+00 1.136696734829106710e-05 0.000000000000000000e+00 2.027259820246933228e-02 0.000000000000000000e+00 2.899419840308226085e-06 0.000000000000000000e+00 2.603497537825570402e-04 0.000000000000000000e+00 6.528535051468284389e-02 0.000000000000000000e+00 2.022533950173419732e-04 0.000000000000000000e+00 0.000000000000000000e+00 0.000000000000000000e+00 2.839225358877704372e-02 0.000000000000000000e+00 0.000000000000000000e+00 0.000000000000000000e+00 0.000000000000000000e+00 0.000000000000000000e+00 3.503771540566698039e-01 2.162856991842389276e-01 3.189100749171736027e-01
5.600000000000000000e+03 0.000000000000000000e+00 0.000000000000000000e+00 0.000000000000000000e+00 0.000000000000000000e+00 0.000000000000000000e+00 1.136696734829106710e-05 0.000000000000000000e+00 2.027259820246932881e-02 0.000000000000000000e+00 2.899419840308226085e-06 0.000000000000000000e+00 2.603497537825569860e-04 0.000000000000000000e+00 6.528535051468284389e-02 0.000000000000000000e+00 2.022533950173419732e-04 0.000000000000000000e+00 0.000000000000000000e+00 0.000000000000000000e+00 2.839225358877703331e-02 0.000000000000000000e+00 0.000000000000000000e+00 0.000000000000000000e+00 0.000000000000000000e+00 0.000000000000000000e+00 3.503771540566698039e-01 2.162856991842388998e-01 3.189100749171735472e-01
5.900000000000000000e+03 0.000000000000000000e+00 0.000000000000000000e+00 0.000000000000000000e+00 0.000000000000000000e+00 0.000000000000000000e+00 1.136696734829106879e-05 0.000000000000000000e+00 2.027259820246933575e-02 0.000000000000000000e+00 2.899419840308226932e-06 0.000000000000000000e+00 2.603497537825570402e-04 0.000000000000000000e+00 6.528535051468284389e-02 0.000000000000000000e+00 2.022533950173420003e-04 0.000000000000000000e+00 0.000000000000000000e+00 0.000000000000000000e+00 2.839225358877704025e-02 0.000000000000000000e+00 0.000000000000000000e+00 0.000000000000000000e+00 0.000000000000000000e+00 0.000000000000000000e+00 3.503771540566698039e-01 2.162856991842389276e-01 3.189100749171736027e-01
6.200000000000000000e+03 0.000000000000000000e+00 0.000000000000000000e+00 0.000000000000000000e+00 0.000000000000000000e+00 0.000000000000000000e+00 1.136696734829106710e-05 0.000000000000000000e+00 2.027259820246933575e-02 0.000000000000000000e+00 2.899419840308226085e-06 0.000000000000000000e+00 2.603497537825569860e-04 0.000000000000000000e+00 6.528535051468284389e-02 0.000000000000000000e+00 2.022533950173419461e-04 0.000000000000000000e+00 0.000000000000000000e+00 0.000000000000000000e+00 2.839225358877704025e-02 0.000000000000000000e+00 0.000000000000000000e+00 0.000000000000000000e+00 0.000000000000000000e+00 0.000000000000000000e+00 3.503771540566697484e-01 2.162856991842389276e-01 3.189100749171735472e-01
6.500000000000000000e+03 0.000000000000000000e+00 0.000000000000000000e+00 0.000000000000000000e+00 0.000000000000000000e+00 0.000000000000000000e+00 1.136696734829106879e-05 0.000000000000000000e+00 2.027259820246933575e-02 0.000000000000000000e+00 2.899419840308226509e-06 0.000000000000000000e+00 2.603497537825569860e-04 0.000000000000000000e+00 6.528535051468284389e-02 0.000000000000000000e+00 2.022533950173420274e-04 0.000000000000000000e+00 0.000000000000000000e+00 0.000000000000000000e+00 2.839225358877704025e-02 0.000000000000000000e+00 0.000000000000000000e+00 0.000000000000000000e+00 0.000000000000000000e+00 0.000000000000000000e+00 3.503771540566698039e-01 2.162856991842389554e-01 3.189100749171735472e-01
6.800000000000000000e+03 0.000000000000000000e+00 0.000000000000000000e+00 0.000000000000000000e+00 0.000000000000000000e+00 0.000000000000000000e+00 1.136696734829106879e-05 0.000000000000000000e+00 2.027259820246933575e-02 0.000000000000000000e+00 2.899419840308226509e-06 0.000000000000000000e+00 2.603497537825570402e-04 0.000000000000000000e+00 6.528535051468285777e-02 0.000000000000000000e+00 2.022533950173419732e-04 0.000000000000000000e+00 0.000000000000000000e+00 0.000000000000000000e+00 2.839225358877704372e-02 0.000000000000000000e+00 0.000000000000000000e+00 0.000000000000000000e+00 0.000000000000000000e+00 0.000000000000000000e+00 3.503771540566698039e-01 2.162856991842388998e-01 3.189100749171736582e-01
7.100000000000000000e+03 0.000000000000000000e+00 0.000000000000000000e+00 0.000000000000000000e+00 0.000000000000000000e+00 0.000000000000000000e+00 8.184292436354239153e-06 0.000000000000000000e+00 1.832172040689139525e-02 0.000000000000000000e+00 2.794521807163208958e-06 0.000000000000000000e+00 5.774713331636716247e-03 0.000000000000000000e+00 3.953141961435906182e-02 0.000000000000000000e+00 1.446554650568020748e-03 0.000000000000000000e+00 0.000000000000000000e+00 0.000000000000000000e+00 5.001215711112037832e-02 0.000000000000000000e+00 0.000000000000000000e+00 0.000000000000000000e+00 0.000000000000000000e+00 0.000000000000000000e+00 2.856642389331991438e-01 2.454877267227550119e-01 3.537504904152266594e-01
7.400000000000000000e+03 0.000000000000000000e+00 0.000000000000000000e+00 0.000000000000000000e+00 0.000000000000000000e+00 0.000000000000000000e+00 8.184292436354239153e-06 0.000000000000000000e+00 1.832172040689139872e-02 0.000000000000000000e+00 2.794521807163208958e-06 0.000000000000000000e+00 5.774713331636718849e-03 0.000000000000000000e+00 3.953141961435906876e-02 0.000000000000000000e+00 1.446554650568020964e-03 0.000000000000000000e+00 0.000000000000000000e+00 0.000000000000000000e+00 5.001215711112038526e-02 0.000000000000000000e+00 0.000000000000000000e+00 0.000000000000000000e+00 0.000000000000000000e+00 0.000000000000000000e+00 2.856642389331991994e-01 2.454877267227550119e-01 3.537504904152267704e-01
7.700000000000000000e+03 0.000000000000000000e+00 0.000000000000000000e+00 0.000000000000000000e+00 0.000000000000000000e+00 0.000000000000000000e+00 8.184292436354240847e-06 0.000000000000000000e+00 1.832172040689139525e-02 0.000000000000000000e+00 2.794521807163208534e-06 0.000000000000000000e+00 5.774713331636716247e-03 0.000000000000000000e+00 3.953141961435906876e-02 0.000000000000000000e+00 1.446554650568020531e-03 0.000000000000000000e+00 0.000000000000000000e+00 0.000000000000000000e+00 5.001215711112037138e-02 0.000000000000000000e+00 0.000000000000000000e+00 0.000000000000000000e+00 0.000000000000000000e+00 0.000000000000000000e+00 2.856642389331991994e-01 2.454877267227550119e-01 3.537504904152267149e-01
8.000000000000000000e+03 0.000000000000000000e+00 0.000000000000000000e+00 0.000000000000000000e+00 0.000000000000000000e+00 0.000000000000000000e+00 8.184292436354239153e-06 0.000000000000000000e+00 1.832172040689139178e-02 0.000000000000000000e+00 2.794521807163208958e-06 0.000000000000000000e+00 5.774713331636716247e-03 0.000000000000000000e+00 3.953141961435906182e-02 0.000000000000000000e+00 1.446554650568020314e-03 0.000000000000000000e+00 0.000000000000000000e+00 0.000000000000000000e+00 5.001215711112036444e-02 0.000000000000000000e+00 0.000000000000000000e+00 0.000000000000000000e+00 0.000000000000000000e+00 0.000000000000000000e+00 2.856642389331991994e-01 2.454877267227549842e-01 3.537504904152266594e-01
8.300000000000000000e+03 0.000000000000000000e+00 0.000000000000000000e+00 0.000000000000000000e+00 0.000000000000000000e+00 0.000000000000000000e+00 8.184292436354239153e-06 0.000000000000000000e+00 1.832172040689139178e-02 0.000000000000000000e+00 2.794521807163208958e-06 0.000000000000000000e+00 5.774713331636717115e-03 0.000000000000000000e+00 3.953141961435906182e-02 0.000000000000000000e+00 1.446554650568020314e-03 0.000000000000000000e+00 0.000000000000000000e+00 0.000000000000000000e+00 5.001215711112037832e-02 0.000000000000000000e+00 0.000000000000000000e+00 0.000000000000000000e+00 0.000000000000000000e+00 0.000000000000000000e+00 2.856642389331991994e-01 2.454877267227549287e-01 3.537504904152266594e-01
8.600000000000000000e+03 0.000000000000000000e+00 0.000000000000000000e+00 0.000000000000000000e+00 0.000000000000000000e+00 0.000000000000000000e+00 8.184292436354240847e-06 0.000000000000000000e+00 1.832172040689139525e-02 0.000000000000000000e+00 2.794521807163208958e-06 0.000000000000000000e+00 5.774713331636717115e-03 0.000000000000000000e+00 3.953141961435906876e-02 0.000000000000000000e+00 1.446554650568020531e-03 0.000000000000000000e+00 0.000000000000000000e+00 0.000000000000000000e+00 5.001215711112037138e-02 0.000000000000000000e+00 0.000000000000000000e+00 0.000000000000000000e+00 0.000000000000000000e+00 0.000000000000000000e+00 2.856642389331991994e-01 2.454877267227550675e-01 3.537504904152266594e-01
8.900000000000000000e+03 0.000000000000000000e+00 0.000000000000000000e+00 0.000000000000000000e+00 0.000000000000000000e+00 0.000000000000000000e+00 8.184292436354239153e-06 0.000000000000000000e+00 1.832172040689139525e-02 0.000000000000000000e+00 2.794521807163208958e-06 0.000000000000000000e+00 5.774713331636717982e-03 0.000000000000000000e+00 3.953141961435906876e-02 0.000000000000000000e+00 1.446554650568020531e-03 0.000000000000000000e+00 0.000000000000000000e+00 0.000000000000000000e+00 5.001215711112037832e-02 0.000000000000000000e+00 0.000000000000000000e+00 0.000000000000000000e+00 0.000000000000000000e+00 0.000000000000000000e+00 2.856642389331991438e-01 2.454877267227550119e-01 3.537504904152267149e-01
9.200000000000000000e+03 0.000000000000000000e+00 0.000000000000000000e+00 0.000000000000000000e+00 0.000000000000000000e+00 0.000000000000000000e+00 8.184292436354240847e-06 0.000000000000000000e+00 1.832172040689139525e-02 0.000000000000000000e+00 2.794521807163208958e-06 0.000000000000000000e+00 5.774713331636717115e-03 0.000000000000000000e+00 3.953141961435906876e-02 0.000000000000000000e+00 1.446554650568020531e-03 0.000000000000000000e+00 0.000000000000000000e+00 0.000000000000000000e+00 5.001215711112037832e-02 0.000000000000000000e+00 0.000000000000000000e+00 0.000000000000000000e+00 0.000000000000000000e+00 0.000000000000000000e+00 2.856642389331991438e-01 2.454877267227550119e-01 3.537504904152267149e-01
9.500000000000000000e+03 0.000000000000000000e+00 0.000000000000000000e+00 0.000000000000000000e+00 0.000000000000000000e+00 0.000000000000000000e+00 8.184292436354239153e-06 0.000000000000000000e+00 1.832172040689139525e-02 0.000000000000000000e+00 2.794521807163208534e-06 0.000000000000000000e+00 5.774713331636717115e-03 0.000000000000000000e+00 3.953141961435906876e-02 0.000000000000000000e+00 1.446554650568020314e-03 0.000000000000000000e+00 0.000000000000000000e+00 0.000000000000000000e+00 5.001215711112037138e-02 0.000000000000000000e+00 0.000000000000000000e+00 0.000000000000000000e+00 0.000000000000000000e+00 0.000000000000000000e+00 2.856642389331991438e-01 2.454877267227549564e-01 3.537504904152267149e-01
9.800000000000000000e+03 0.000000000000000000e+00 0.000000000000000000e+00 0.000000000000000000e+00 0.000000000000000000e+00 0.000000000000000000e+00 8.184292436354237459e-06 0.000000000000000000e+00 1.832172040689139178e-02 0.000000000000000000e+00 2.794521807163208111e-06 0.000000000000000000e+00 5.774713331636717115e-03 0.000000000000000000e+00 3.953141961435906182e-02 0.000000000000000000e+00 1.446554650568020314e-03 0.000000000000000000e+00 0.000000000000000000e+00 0.000000000000000000e+00 5.001215711112037138e-02 0.000000000000000000e+00 0.000000000000000000e+00 0.000000000000000000e+00 0.000000000000000000e+00 0.000000000000000000e+00 2.856642389331991438e-01 2.454877267227549842e-01 3.537504904152266594e-01
1.010000000000000000e+04 0.000000000000000000e+00 0.000000000000000000e+00 0.000000000000000000e+00 0.000000000000000000e+00 0.000000000000000000e+00 4.773850347705033515e-06 0.000000000000000000e+00 7.321622849948979106e-03 0.000000000000000000e+00 1.066580028038775535e-06 0.000000000000000000e+00 2.430741326879722886e-01 0.000000000000000000e+00 5.181778916752125541e-01 0.000000000000000000e+00 1.088538616580608381e-01 0.000000000000000000e+00 0.000000000000000000e+00 0.000000000000000000e+00 5.527973098883279257e-02 0.000000000000000000e+00 0.000000000000000000e+00 0.000000000000000000e+00 0.000000000000000000e+00 0.000000000000000000e+00 3.540064579235371878e-02 1.834635214284036087e-02 1.353992177440279526e-02
1.040000000000000000e+04 0.000000000000000000e+00 0.000000000000000000e+00 0.000000000000000000e+00 0.000000000000000000e+00 0.000000000000000000e+00 4.773850347705032668e-06 0.000000000000000000e+00 7.321622849948977371e-03 0.000000000000000000e+00 1.066580028038775112e-06 0.000000000000000000e+00 2.430741326879722053e-01 0.000000000000000000e+00 5.181778916752124431e-01 0.000000000000000000e+00 1.088538616580608104e-01 0.000000000000000000e+00 0.000000000000000000e+00 0.000000000000000000e+00 5.527973098883277175e-02 0.000000000000000000e+00 0.000000000000000000e+00 0.000000000000000000e+00 0.000000000000000000e+00 0.000000000000000000e+00 3.540064579235370490e-02 1.834635214284035393e-02 1.353992177440279353e-02
1.070000000000000000e+04 0.000000000000000000e+00 0.000000000000000000e+00 0.000000000000000000e+00 0.000000000000000000e+00 0.000000000000000000e+00 4.773850347705033515e-06 0.000000000000000000e+00 7.321622849948979106e-03 0.000000000000000000e+00 1.066580028038775112e-06 0.000000000000000000e+00 2.430741326879722608e-01 0.000000000000000000e+00 5.181778916752124431e-01 0.000000000000000000e+00 1.088538616580608243e-01 0.000000000000000000e+00 0.000000000000000000e+00 0.000000000000000000e+00 5.527973098883277175e-02 0.000000000000000000e+00 0.000000000000000000e+00 0.000000000000000000e+00 0.000000000000000000e+00 0.000000000000000000e+00 3.540064579235371878e-02 1.834635214284035393e-02 1.353992177440279179e-02
1.100000000000000000e+04 0.000000000000000000e+00 0.000000000000000000e+00 0.000000000000000000e+00 0.000000000000000000e+00 0.000000000000000000e+00 4.773850347705033515e-06 0.000000000000000000e+00 7.321622849948977371e-03 0.000000000000000000e+00 1.066580028038775323e-06 0.000000000000000000e+00 2.430741326879722330e-01 0.000000000000000000e+00 5.181778916752125541e-01 0.000000000000000000e+00 1.088538616580608243e-01 0.000000000000000000e+00 0.000000000000000000e+00 0.000000000000000000e+00 5.527973098883277869e-02 0.000000000000000000e+00 0.000000000000000000e+00 0.000000000000000000e+00 0.000000000000000000e+00 0.000000000000000000e+00 3.540064579235371184e-02 1.834635214284035740e-02 1.353992177440279353e-02
1.130000000000000000e+04 0.000000000000000000e+00 0.000000000000000000e+00 0.000000000000000000e+00 0.000000000000000000e+00 0.000000000000000000e+00 4.773850347705033515e-06 0.000000000000000000e+00 7.321622849948978239e-03 0.000000000000000000e+00 1.066580028038775323e-06 0.000000000000000000e+00 2.430741326879722053e-01 0.000000000000000000e+00 5.181778916752125541e-01 0.000000000000000000e+00 1.088538616580608243e-01 0.000000000000000000e+00 0.000000000000000000e+00 0.000000000000000000e+00 5.527973098883277869e-02 0.000000000000000000e+00 0.000000000000000000e+00 0.000000000000000000e+00 0.000000000000000000e+00 0.000000000000000000e+00 3.540064579235371878e-02 1.834635214284035740e-02 1.353992177440279353e-02
1.160000000000000000e+04 0.000000000000000000e+00 0.000000000000000000e+00 0.000000000000000000e+00 0.000000000000000000e+00 0.000000000000000000e+00 4.773850347705032668e-06 0.000000000000000000e+00 7.321622849948978239e-03 0.000000000000000000e+00 1.066580028038775323e-06 0.000000000000000000e+00 2.430741326879722053e-01 0.000000000000000000e+00 5.181778916752125541e-01 0.000000000000000000e+00 1.088538616580608104e-01 0.000000000000000000e+00 0.000000000000000000e+00 0.000000000000000000e+00 5.527973098883277175e-02 0.000000000000000000e+00 0.000000000000000000e+00 0.000000000000000000e+00 0.000000000000000000e+00 0.000000000000000000e+00 3.540064579235371184e-02 1.834635214284035393e-02 1.353992177440279353e-02
1.190000000000000000e+04 0.000000000000000000e+00 0.000000000000000000e+00 0.000000000000000000e+00 0.000000000000000000e+00 0.000000000000000000e+00 4.773850347705033515e-06 0.000000000000000000e+00 7.321622849948979973e-03 0.000000000000000000e+00 1.066580028038775535e-06 0.000000000000000000e+00 2.430741326879722886e-01 0.000000000000000000e+00 5.181778916752125541e-01 0.000000000000000000e+00 1.088538616580608381e-01 0.000000000000000000e+00 0.000000000000000000e+00 0.000000000000000000e+00 5.527973098883279951e-02 0.000000000000000000e+00 0.000000000000000000e+00 0.000000000000000000e+00 0.000000000000000000e+00 0.000000000000000000e+00 3.540064579235371878e-02 1.834635214284035740e-02 1.353992177440279353e-02
1.220000000000000000e+04 0.000000000000000000e+00 0.000000000000000000e+00 0.000000000000000000e+00 0.000000000000000000e+00 0.000000000000000000e+00 4.773850347705033515e-06 0.000000000000000000e+00 7.321622849948979106e-03 0.000000000000000000e+00 1.066580028038775323e-06 0.000000000000000000e+00 2.430741326879722330e-01 0.000000000000000000e+00 5.181778916752125541e-01 0.000000000000000000e+00 1.088538616580608381e-01 0.000000000000000000e+00 0.000000000000000000e+00 0.000000000000000000e+00 5.527973098883277869e-02 0.000000000000000000e+00 0.000000000000000000e+00 0.000000000000000000e+00 0.000000000000000000e+00 0.000000000000000000e+00 3.540064579235371184e-02 1.834635214284035393e-02 1.353992177440279353e-02
1.250000000000000000e+04 0.000000000000000000e+00 0.000000000000000000e+00 0.000000000000000000e+00 0.000000000000000000e+00 0.000000000000000000e+00 4.773850347705033515e-06 0.000000000000000000e+00 7.321622849948978239e-03 0.000000000000000000e+00 1.066580028038775323e-06 0.000000000000000000e+00 2.430741326879722608e-01 0.000000000000000000e+00 5.181778916752125541e-01 0.000000000000000000e+00 1.088538616580608104e-01 0.000000000000000000e+00 0.000000000000000000e+00 0.000000000000000000e+00 5.527973098883277175e-02 0.000000000000000000e+00 0.000000000000000000e+00 0.000000000000000000e+00 0.000000000000000000e+00 0.000000000000000000e+00 3.540064579235371878e-02 1.834635214284035740e-02 1.353992177440279353e-02
1.280000000000000000e+04 0.000000000000000000e+00 0.000000000000000000e+00 0.000000000000000000e+00 0.000000000000000000e+00 0.000000000000000000e+00 4.773850347705034362e-06 0.000000000000000000e+00 7.321622849948978239e-03 0.000000000000000000e+00 1.066580028038775535e-06 0.000000000000000000e+00 2.430741326879722608e-01 0.000000000000000000e+00 5.181778916752125541e-01 0.000000000000000000e+00 1.088538616580608243e-01 0.000000000000000000e+00 0.000000000000000000e+00 0.000000000000000000e+00 5.527973098883277869e-02 0.000000000000000000e+00 0.000000000000000000e+00 0.000000000000000000e+00 0.000000000000000000e+00 0.000000000000000000e+00 3.540064579235371184e-02 1.834635214284035740e-02 1.353992177440279179e-02
1.310000000000000000e+04 0.000000000000000000e+00 0.000000000000000000e+00 0.000000000000000000e+00 0.000000000000000000e+00 0.000000000000000000e+00 9.491774930251625347e-06 0.000000000000000000e+00 8.733399889581264786e-01 0.000000000000000000e+00 7.213578378292316342e-07 0.000000000000000000e+00 3.354123716558456147e-02 0.000000000000000000e+00 8.720407796681164947e-02 0.000000000000000000e+00 2.387573992990983478e-05 0.000000000000000000e+00 0.000000000000000000e+00 0.000000000000000000e+00 1.182661444043993848e-03 0.000000000000000000e+00 0.000000000000000000e+00 0.000000000000000000e+00 0.000000000000000000e+00 0.000000000000000000e+00 1.988866090558052534e-03 1.296687593322619911e-03 1.412391908854435541e-03
1.340000000000000000e+04 0.000000000000000000e+00 0.000000000000000000e+00 0.000000000000000000e+00 0.000000000000000000e+00 0.000000000000000000e+00 9.491774930251628735e-06 0.000000000000000000e+00 8.733399889581267006e-01 0.000000000000000000e+00 7.213578378292317400e-07 0.000000000000000000e+00 3.354123716558456841e-02 0.000000000000000000e+00 8.720407796681166335e-02 0.000000000000000000e+00 2.387573992990983817e-05 0.000000000000000000e+00 0.000000000000000000e+00 0.000000000000000000e+00 1.182661444043994065e-03 0.000000000000000000e+00 0.000000000000000000e+00 0.000000000000000000e+00 0.000000000000000000e+00 0.000000000000000000e+00 1.988866090558052968e-03 1.296687593322619911e-03 1.412391908854435758e-03
1.370000000000000000e+04 0.000000000000000000e+00 0.000000000000000000e+00 0.000000000000000000e+00 0.000000000000000000e+00 0.000000000000000000e+00 9.491774930251628735e-06 0.000000000000000000e+00 8.733399889581267006e-01 0.000000000000000000e+00 7.213578378292318459e-07 0.000000000000000000e+00 3.354123716558458229e-02 0.000000000000000000e+00 8.720407796681167722e-02 0.000000000000000000e+00 2.387573992990984156e-05 0.000000000000000000e+00 0.000000000000000000e+00 0.000000000000000000e+00 1.182661444043994281e-03 0.000000000000000000e+00 0.000000000000000000e+00 0.000000000000000000e+00 0.000000000000000000e+00 0.000000000000000000e+00 1.988866090558053402e-03 1.296687593322620128e-03 1.412391908854435975e-03
1.400000000000000000e+04 0.000000000000000000e+00 0.000000000000000000e+00 0.000000000000000000e+00 0.000000000000000000e+00 0.000000000000000000e+00 9.491774930251628735e-06 0.000000000000000000e+00 8.733399889581267006e-01 0.000000000000000000e+00 7.213578378292319518e-07 0.000000000000000000e+00 3.354123716558457535e-02 0.000000000000000000e+00 8.720407796681166335e-02 0.000000000000000000e+00 2.387573992990984156e-05 0.000000000000000000e+00 0.000000000000000000e+00 0.000000000000000000e+00 1.182661444043994065e-03 0.000000000000000000e+00 0.000000000000000000e+00 0.000000000000000000e+00 0.000000000000000000e+00 0.000000000000000000e+00 1.988866090558053402e-03 1.296687593322620128e-03 1.412391908854435758e-03
1.430000000000000000e+04 0.000000000000000000e+00 0.000000000000000000e+00 0.000000000000000000e+00 0.000000000000000000e+00 0.000000000000000000e+00 9.491774930251628735e-06 0.000000000000000000e+00 8.733399889581267006e-01 0.000000000000000000e+00 7.213578378292319518e-07 0.000000000000000000e+00 3.354123716558457535e-02 0.000000000000000000e+00 8.720407796681167722e-02 0.000000000000000000e+00 2.387573992990984494e-05 0.000000000000000000e+00 0.000000000000000000e+00 0.000000000000000000e+00 1.182661444043994065e-03 0.000000000000000000e+00 0.000000000000000000e+00 0.000000000000000000e+00 0.000000000000000000e+00 0.000000000000000000e+00 1.988866090558053402e-03 1.296687593322620128e-03 1.412391908854436192e-03
1.460000000000000000e+04 0.000000000000000000e+00 0.000000000000000000e+00 0.000000000000000000e+00 0.000000000000000000e+00 0.000000000000000000e+00 9.491774930251627041e-06 0.000000000000000000e+00 8.733399889581267006e-01 0.000000000000000000e+00 7.213578378292317400e-07 0.000000000000000000e+00 3.354123716558457535e-02 0.000000000000000000e+00 8.720407796681167722e-02 0.000000000000000000e+00 2.387573992990983817e-05 0.000000000000000000e+00 0.000000000000000000e+00 0.000000000000000000e+00 1.182661444043993848e-03 0.000000000000000000e+00 0.000000000000000000e+00 0.000000000000000000e+00 0.000000000000000000e+00 0.000000000000000000e+00 1.988866090558053402e-03 1.296687593322619911e-03 1.412391908854435758e-03
1.490000000000000000e+04 0.000000000000000000e+00 0.000000000000000000e+00 0.000000000000000000e+00 0.000000000000000000e+00 0.000000000000000000e+00 9.491774930251628735e-06 0.000000000000000000e+00 8.733399889581267006e-01 0.000000000000000000e+00 7.213578378292317400e-07 0.000000000000000000e+00 3.354123716558456841e-02 0.000000000000000000e+00 8.720407796681166335e-02 0.000000000000000000e+00 2.387573992990983817e-05 0.000000000000000000e+00 0.000000000000000000e+00 0.000000000000000000e+00 1.182661444043993848e-03 0.000000000000000000e+00 0.000000000000000000e+00 0.000000000000000000e+00 0.000000000000000000e+00 0.000000000000000000e+00 1.988866090558052968e-03 1.296687593322619911e-03 1.412391908854435975e-03
1.520000000000000000e+04 0.000000000000000000e+00 0.000000000000000000e+00 0.000000000000000000e+00 0.000000000000000000e+00 0.000000000000000000e+00 9.491774930251627041e-06 0.000000000000000000e+00 8.733399889581265896e-01 0.000000000000000000e+00 7.213578378292317400e-07 0.000000000000000000e+00 3.354123716558456841e-02 0.000000000000000000e+00 8.720407796681166335e-02 0.000000000000000000e+00 2.387573992990983817e-05 0.000000000000000000e+00 0.000000000000000000e+00 0.000000000000000000e+00 1.182661444043993848e-03 0.000000000000000000e+00 0.000000000000000000e+00 0.000000000000000000e+00 0.000000000000000000e+00 0.000000000000000000e+00 1.988866090558052534e-03 1.296687593322619911e-03 1.412391908854435975e-03
1.550000000000000000e+04 0.000000000000000000e+00 0.000000000000000000e+00 0.000000000000000000e+00 0.000000000000000000e+00 0.000000000000000000e+00 9.491774930251630429e-06 0.000000000000000000e+00 8.733399889581268116e-01 0.000000000000000000e+00 7.213578378292319518e-07 0.000000000000000000e+00 3.354123716558458229e-02 0.000000000000000000e+00 8.720407796681169110e-02 0.000000000000000000e+00 2.387573992990984494e-05 0.000000000000000000e+00 0.000000000000000000e+00 0.000000000000000000e+00 1.182661444043994065e-03 0.000000000000000000e+00 0.000000000000000000e+00 0.000000000000000000e+00 0.000000000000000000e+00 0.000000000000000000e+00 1.988866090558053402e-03 1.296687593322620128e-03 1.412391908854436192e-03
1.580000000000000000e+04 0.000000000000000000e+00 0.000000000000000000e+00 0.000000000000000000e+00 0.000000000000000000e+00 0.000000000000000000e+00 9.491774930251628735e-06 0.000000000000000000e+00 8.733399889581267006e-01 0.000000000000000000e+00 7.213578378292320577e-07 0.000000000000000000e+00 3.354123716558457535e-02 0.000000000000000000e+00 8.720407796681167722e-02 0.000000000000000000e+00 2.387573992990984156e-05 0.000000000000000000e+00 0.000000000000000000e+00 0.000000000000000000e+00 1.182661444043994065e-03 0.000000000000000000e+00 0.000000000000000000e+00 0.000000000000000000e+00 0.000000000000000000e+00 0.000000000000000000e+00 1.988866090558052968e-03 1.296687593322620128e-03 1.412391908854436192e-03
1.610000000000000000e+04 0.000000000000000000e+00 0.000000000000000000e+00 0.000000000000000000e+00 0.000000000000000000e+00 0.000000000000000000e+00 9.491774930251628735e-06 0.000000000000000000e+00 8.733399889581265896e-01 0.000000000000000000e+00 7.213578378292317400e-07 0.000000000000000000e+00 3.354123716558458229e-02 0.000000000000000000e+00 8.720407796681167722e-02 0.000000000000000000e+00 2.387573992990984156e-05 0.000000000000000000e+00 0.000000000000000000e+00 0.000000000000000000e+00 1.182661444043994065e-03 0.000000000000000000e+00 0.000000000000000000e+00 0.000000000000000000e+00 0.000000000000000000e+00 0.000000000000000000e+00 1.988866090558052968e-03 1.296687593322620128e-03 1.412391908854435975e-03
1.640000000000000000e+04 0.000000000000000000e+00 0.000000000000000000e+00 0.000000000000000000e+00 0.000000000000000000e+00 0.000000000000000000e+00 9.491774930251627041e-06 0.000000000000000000e+00 8.733399889581264786e-01 0.000000000000000000e+00 7.213578378292316342e-07 0.000000000000000000e+00 3.354123716558456841e-02 0.000000000000000000e+00 8.720407796681164947e-02 0.000000000000000000e+00 2.387573992990983478e-05 0.000000000000000000e+00 0.000000000000000000e+00 0.000000000000000000e+00 1.182661444043993848e-03 0.000000000000000000e+00 0.000000000000000000e+00 0.000000000000000000e+00 0.000000000000000000e+00 0.000000000000000000e+00 1.988866090558052534e-03 1.296687593322619694e-03 1.412391908854435758e-03
1.670000000000000000e+04 0.000000000000000000e+00 0.000000000000000000e+00 0.000000000000000000e+00 0.000000000000000000e+00 0.000000000000000000e+00 9.491774930251632123e-06 0.000000000000000000e+00 8.733399889581268116e-01 0.000000000000000000e+00 7.213578378292318459e-07 0.000000000000000000e+00 3.354123716558458229e-02 0.000000000000000000e+00 8.720407796681167722e-02 0.000000000000000000e+00 2.387573992990984494e-05 0.000000000000000000e+00 0.000000000000000000e+00 0.000000000000000000e+00 1.182661444043994065e-03 0.000000000000000000e+00 0.000000000000000000e+00 0.000000000000000000e+00 0.000000000000000000e+00 0.000000000000000000e+00 1.988866090558053402e-03 1.296687593322619911e-03 1.412391908854436192e-03
1.700000000000000000e+04 0.000000000000000000e+00 0.000000000000000000e+00 0.000000000000000000e+00 0.000000000000000000e+00 0.000000000000000000e+00 2.185120286076566443e-01 0.000000000000000000e+00 5.979091982056303767e-01 0.000000000000000000e+00 7.348798736610942517e-02 0.000000000000000000e+00 1.042965817788957111e-01 0.000000000000000000e+00 1.337962119904349356e-04 0.000000000000000000e+00 1.327673994938060621e-04 0.000000000000000000e+00 0.000000000000000000e+00 0.000000000000000000e+00 2.346817519878251299e-03 0.000000000000000000e+00 0.000000000000000000e+00 0.000000000000000000e+00 0.000000000000000000e+00 0.000000000000000000e+00 1.940190167927631059e-03 3.520902115452309296e-04 8.885425308724805016e-04
1.730000000000000000e+04 0.000000000000000000e+00 0.000000000000000000e+00 0.000000000000000000e+00 0.000000000000000000e+00 0.000000000000000000e+00 2.185120286076566443e-01 0.000000000000000000e+00 5.979091982056305987e-01 0.000000000000000000e+00 7.348798736610943905e-02 0.000000000000000000e+00 1.042965817788957528e-01 0.000000000000000000e+00 1.337962119904349898e-04 0.000000000000000000e+00 1.327673994938061164e-04 0.000000000000000000e+00 0.000000000000000000e+00 0.000000000000000000e+00 2.346817519878252167e-03 0.000000000000000000e+00 0.000000000000000000e+00 0.000000000000000000e+00 0.000000000000000000e+00 0.000000000000000000e+00 1.940190167927631276e-03 3.520902115452310380e-04 8.885425308724806100e-04
1.760000000000000000e+04 0.000000000000000000e+00 0.000000000000000000e+00 0.000000000000000000e+00 0.000000000000000000e+00 0.000000000000000000e+00 2.185120286076565888e-01 0.000000000000000000e+00 5.979091982056303767e-01 0.000000000000000000e+00 7.348798736610942517e-02 0.000000000000000000e+00 1.042965817788956834e-01 0.000000000000000000e+00 1.337962119904349627e-04 0.000000000000000000e+00 1.327673994938060621e-04 0.000000000000000000e+00 0.000000000000000000e+00 0.000000000000000000e+00 2.346817519878251299e-03 0.000000000000000000e+00 0.000000000000000000e+00 0.000000000000000000e+00 0.000000000000000000e+00 0.000000000000000000e+00 1.940190167927630842e-03 3.520902115452309296e-04 8.885425308724805016e-04
1.790000000000000000e+04 0.000000000000000000e+00 0.000000000000000000e+00 0.000000000000000000e+00 0.000000000000000000e+00 0.000000000000000000e+00 2.185120286076565888e-01 0.000000000000000000e+00 5.979091982056304877e-01 0.000000000000000000e+00 7.348798736610942517e-02 0.000000000000000000e+00 1.042965817788957111e-01 0.000000000000000000e+00 1.337962119904349627e-04 0.000000000000000000e+00 1.327673994938060621e-04 0.000000000000000000e+00 0.000000000000000000e+00 0.000000000000000000e+00 2.346817519878251733e-03 0.000000000000000000e+00 0.000000000000000000e+00 0.000000000000000000e+00 0.000000000000000000e+00 0.000000000000000000e+00 1.940190167927630842e-03 3.520902115452309838e-04 8.885425308724805016e-04
1.820000000000000000e+04 0.000000000000000000e+00 0.000000000000000000e+00 0.000000000000000000e+00 0.000000000000000000e+00 0.000000000000000000e+00 2.185120286076565332e-01 0.000000000000000000e+00 5.979091982056303767e-01 0.000000000000000000e+00 7.348798736610941129e-02 0.000000000000000000e+00 1.042965817788956973e-01 0.000000000000000000e+00 1.337962119904349356e-04 0.000000000000000000e+00 1.327673994938060621e-04 0.000000000000000000e+00 0.000000000000000000e+00 0.000000000000000000e+00 2.346817519878251733e-03 0.000000000000000000e+00 0.000000000000000000e+00 0.000000000000000000e+00 0.000000000000000000e+00 0.000000000000000000e+00 1.940190167927630625e-03 3.520902115452308754e-04 8.885425308724803932e-04
1.850000000000000000e+04 0.000000000000000000e+00 0.000000000000000000e+00 0.000000000000000000e+00 0.000000000000000000e+00 0.000000000000000000e+00 2.185120286076566720e-01 0.000000000000000000e+00 5.979091982056304877e-01 0.000000000000000000e+00 7.348798736610943905e-02 0.000000000000000000e+00 1.042965817788957250e-01 0.000000000000000000e+00 1.337962119904349898e-04 0.000000000000000000e+00 1.327673994938060893e-04 0.000000000000000000e+00 0.000000000000000000e+00 0.000000000000000000e+00 2.346817519878252167e-03 0.000000000000000000e+00 0.000000000000000000e+00 0.000000000000000000e+00 0.000000000000000000e+00 0.000000000000000000e+00 1.940190167927631276e-03 3.520902115452309838e-04 8.885425308724807184e-04
1.880000000000000000e+04 0.000000000000000000e+00 0.000000000000000000e+00 0.000000000000000000e+00 0.000000000000000000e+00 0.000000000000000000e+00 2.185120286076565888e-01 0.000000000000000000e+00 5.979091982056304877e-01 0.000000000000000000e+00 7.348798736610942517e-02 0.000000000000000000e+00 1.042965817788957250e-01 0.000000000000000000e+00 1.337962119904349627e-04 0.000000000000000000e+00 1.327673994938060621e-04 0.000000000000000000e+00 0.000000000000000000e+00 0.000000000000000000e+00 2.346817519878251733e-03 0.000000000000000000e+00 0.000000000000000000e+00 0.000000000000000000e+00 0.000000000000000000e+00 0.000000000000000000e+00 1.940190167927631059e-03 3.520902115452309838e-04 8.885425308724806100e-04
1.910000000000000000e+04 0.000000000000000000e+00 0.000000000000000000e+00 0.000000000000000000e+00 0.000000000000000000e+00 0.000000000000000000e+00 2.185120286076566165e-01 0.000000000000000000e+00 5.979091982056303767e-01 0.000000000000000000e+00 7.348798736610941129e-02 0.000000000000000000e+00 1.042965817788956973e-01 0.000000000000000000e+00 1.337962119904349356e-04 0.000000000000000000e+00 1.327673994938060621e-04 0.000000000000000000e+00 0.000000000000000000e+00 0.000000000000000000e+00 2.346817519878251299e-03 0.000000000000000000e+00 0.000000000000000000e+00 0.000000000000000000e+00 0.000000000000000000e+00 0.000000000000000000e+00 1.940190167927630625e-03 3.520902115452308211e-04 8.885425308724805016e-04
1.940000000000000000e+04 0.000000000000000000e+00 0.000000000000000000e+00 0.000000000000000000e+00 0.000000000000000000e+00 0.000000000000000000e+00 2.185120286076565888e-01 0.000000000000000000e+00 5.979091982056304877e-01 0.000000000000000000e+00 7.348798736610942517e-02 0.000000000000000000e+00 1.042965817788957250e-01 0.000000000000000000e+00 1.337962119904349627e-04 0.000000000000000000e+00 1.327673994938060893e-04 0.000000000000000000e+00 0.000000000000000000e+00 0.000000000000000000e+00 2.346817519878251733e-03 0.000000000000000000e+00 0.000000000000000000e+00 0.000000000000000000e+00 0.000000000000000000e+00 0.000000000000000000e+00 1.940190167927631059e-03 3.520902115452310380e-04 8.885425308724803932e-04
1.970000000000000000e+04 0.000000000000000000e+00 0.000000000000000000e+00 0.000000000000000000e+00 0.000000000000000000e+00 0.000000000000000000e+00 2.185120286076566165e-01 0.000000000000000000e+00 5.979091982056304877e-01 0.000000000000000000e+00 7.348798736610942517e-02 0.000000000000000000e+00 1.042965817788957111e-01 0.000000000000000000e+00 1.337962119904349627e-04 0.000000000000000000e+00 1.327673994938060893e-04 0.000000000000000000e+00 0.000000000000000000e+00 0.000000000000000000e+00 2.346817519878251733e-03 0.000000000000000000e+00 0.000000000000000000e+00 0.000000000000000000e+00 0.000000000000000000e+00 0.000000000000000000e+00 1.940190167927631059e-03 3.520902115452309296e-04 8.885425308724806100e-04
