3.500000000000000000e+03 0.000000000000000000e+00 0.000000000000000000e+00 0.000000000000000000e+00 0.000000000000000000e+00 0.000000000000000000e+00 5.829288658681573926e-06 0.000000000000000000e+00 1.058521144365453213e-02 0.000000000000000000e+00 1.360792039542283181e-06 0.000000000000000000e+00 1.376470877224673299e-04 0.000000000000000000e+00 1.439791691259446546e-02 0.000000000000000000e+00 1.011845236628709045e-04 0.000000000000000000e+00 0.000000000000000000e+00 0.000000000000000000e+00 1.444952919006152470e-02 0.000000000000000000e+00 0.000000000000000000e+00 0.000000000000000000e+00 0.000000000000000000e+00 0.000000000000000000e+00 1.059613155159831038e-01 1.264986287229319939e-01 7.278613765226907839e-01
3.800000000000000000e+03 0.000000000000000000e+00 0.000000000000000000e+00 0.000000000000000000e+00 0.000000000000000000e+00 0.000000000000000000e+00 5.829288658681573926e-06 0.000000000000000000e+00 1.058521144365453213e-02 0.000000000000000000e+00 1.360792039542283393e-06 0.000000000000000000e+00 1.376470877224673570e-04 0.000000000000000000e+00 1.439791691259446546e-02 0.000000000000000000e+00 1.011845236628709045e-04 0.000000000000000000e+00 0.000000000000000000e+00 0.000000000000000000e+00 1.444952919006152643e-02 0.000000000000000000e+00 0.000000000000000000e+00 0.000000000000000000e+00 0.000000000000000000e+00 0.000000000000000000e+00 1.059613155159831316e-01 1.264986287229320217e-01 7.278613765226907839e-01
4.100000000000000000e+03 0.000000000000000000e+00 0.000000000000000000e+00 0.000000000000000000e+00 0.000000000000000000e+00 0.000000000000000000e+00 5.829288658681573926e-06 0.000000000000000000e+00 1.058521144365453213e-02 0.000000000000000000e+00 1.360792039542283605e-06 0.000000000000000000e+00 1.376470877224673570e-04 0.000000000000000000e+00 1.439791691259446546e-02 0.000000000000000000e+00 1.011845236628709181e-04 0.000000000000000000e+00 0.000000000000000000e+00 0.000000000000000000e+00 1.444952919006152470e-02 0.000000000000000000e+00 0.000000000000000000e+00 0.000000000000000000e+00 0.000000000000000000e+00 0.000000000000000000e+00 1.059613155159831316e-01 1.264986287229320217e-01 7.278613765226907839e-01
4.400000000000000000e+03 0.000000000000000000e+00 0.000000000000000000e+00 0.000000000000000000e+00 0.000000000000000000e+00 0.000000000000000000e+00 5.829288658681573079e-06 0.000000000000000000e+00 1.058521144365453387e-02 0.000000000000000000e+00 1.360792039542282969e-06 0.000000000000000000e+00 1.376470877224673299e-04 0.000000000000000000e+00 1.439791691259446373e-02 0.000000000000000000e+00 1.011845236628708909e-04 0.000000000000000000e+00 0.000000000000000000e+00 0.000000000000000000e+00 1.444952919006152470e-02 0.000000000000000000e+00 0.000000000000000000e+00 0.000000000000000000e+00 0.000000000000000000e+00 0.000000000000000000e+00 1.059613155159831177e-01 1.264986287229320217e-01 7.278613765226906729e-01
4.700000000000000000e+03 0.000000000000000000e+00 0.000000000000000000e+00 0.000000000000000000e+00 0.000000000000000000e+00 0.000000000000000000e+00 5.829288658681573926e-06 0.000000000000000000e+00 1.058521144365453213e-02 0.000000000000000000e+00 1.360792039542283181e-06 0.000000000000000000e+00 1.376470877224673570e-04 0.000000000000000000e+00 1.439791691259446373e-02 0.000000000000000000e+00 1.011845236628708909e-04 0.000000000000000000e+00 0.000000000000000000e+00 0.000000000000000000e+00 1.444952919006152643e-02 0.000000000000000000e+00 0.000000000000000000e+00 0.000000000000000000e+00 0.000000000000000000e+00 0.000000000000000000e+00 1.059613155159831177e-01 1.264986287229319939e-01 7.278613765226907839e-01
5.000000000000000000e+03 0.000000000000000000e+00 0.000000000000000000e+00 0.000000000000000000e+00 0.000000000000000000e+00 0.000000000000000000e+00 5.829288658681574773e-06 0.000000000000000000e+00 1.058521144365453213e-02 0.000000000000000000e+00 1.360792039542283181e-06 0.000000000000000000e+00 1.376470877224673570e-04 0.000000000000000000e+00 1.439791691259446199e-02 0.000000000000000000e+00 1.011845236628708909e-04 0.000000000000000000e+00 0.000000000000000000e+00 0.000000000000000000e+00 1.444952919006152296e-02 0.000000000000000000e+00 0.000000000000000000e+00 0.000000000000000000e+00 0.000000000000000000e+00 0.000000000000000000e+00 1.059613155159830900e-01 1.264986287229319939e-01 7.278613765226907839e-01
5.300000000000000000e+03 0.000000000000000000e+00 0.000000000000000000e+00 0.000000000000000000e+00 0.000000000000000000e+00 0.000000000000000000e+00 5.829288658681574773e-06 0.000000000000000000e+00 1.058521144365453387e-02 0.000000000000000000e+00 1.360792039542283393e-06 0.000000000000000000e+00 1.376470877224673570e-04 0.000000000000000000e+00 1.439791691259446373e-02 0.000000000000000000e+00 1.011845236628709045e-04 0.000000000000000000e+00 0.000000000000000000e+00 0.000000000000000000e+00 1.444952919006152643e-02 0.000000000000000000e+00 0.000000000000000000e+00 0.000000000000000000e+00 0.000000000000000000e+00 0.000000000000000000e+00 1.059613155159831177e-01 1.264986287229319939e-01 7.278613765226907839e-01
5.600000000000000000e+03 0.000000000000000000e+00 0.000000000000000000e+00 0.000000000000000000e+00 0.000000000000000000e+00 0.000000000000000000e+00 5.829288658681573926e-06 0.000000000000000000e+00 1.058521144365453213e-02 0.000000000000000000e+00 1.360792039542283393e-06 0.000000000000000000e+00 1.376470877224673570e-04 0.000000000000000000e+00 1.439791691259446373e-02 0.000000000000000000e+00 1.011845236628709045e-04 0.000000000000000000e+00 0.000000000000000000e+00 0.000000000000000000e+00 1.444952919006152643e-02 0.000000000000000000e+00 0.000000000000000000e+00 0.000000000000000000e+00 0.000000000000000000e+00 0.000000000000000000e+00 1.059613155159831177e-01 1.264986287229320217e-01 7.278613765226908949e-01
5.900000000000000000e+03 0.000000000000000000e+00 0.000000000000000000e+00 0.000000000000000000e+00 0.000000000000000000e+00 0.000000000000000000e+00 5.829288658681573079e-06 0.000000000000000000e+00 1.058521144365453040e-02 0.000000000000000000e+00 1.360792039542283181e-06 0.000000000000000000e+00 1.376470877224673299e-04 0.000000000000000000e+00 1.439791691259446373e-02 0.000000000000000000e+00 1.011845236628709045e-04 0.000000000000000000e+00 0.000000000000000000e+00 0.000000000000000000e+00 1.444952919006152643e-02 0.000000000000000000e+00 0.000000000000000000e+00 0.000000000000000000e+00 0.000000000000000000e+00 0.000000000000000000e+00 1.059613155159831177e-01 1.264986287229319939e-01 7.278613765226906729e-01
6.200000000000000000e+03 0.000000000000000000e+00 0.000000000000000000e+00 0.000000000000000000e+00 0.000000000000000000e+00 0.000000000000000000e+00 5.829288658681573926e-06 0.000000000000000000e+00 1.058521144365453560e-02 0.000000000000000000e+00 1.360792039542283393e-06 0.000000000000000000e+00 1.376470877224673299e-04 0.000000000000000000e+00 1.439791691259446373e-02 0.000000000000000000e+00 1.011845236628709181e-04 0.000000000000000000e+00 0.000000000000000000e+00 0.000000000000000000e+00 1.444952919006152817e-02 0.000000000000000000e+00 0.000000000000000000e+00 0.000000000000000000e+00 0.000000000000000000e+00 0.000000000000000000e+00 1.059613155159831316e-01 1.264986287229320494e-01 7.278613765226907839e-01
6.500000000000000000e+03 0.000000000000000000e+00 0.000000000000000000e+00 0.000000000000000000e+00 0.000000000000000000e+00 0.000000000000000000e+00 5.829288658681573079e-06 0.000000000000000000e+00 1.058521144365453213e-02 0.000000000000000000e+00 1.360792039542283393e-06 0.000000000000000000e+00 1.376470877224673299e-04 0.000000000000000000e+00 1.439791691259446199e-02 0.000000000000000000e+00 1.011845236628708909e-04 0.000000000000000000e+00 0.000000000000000000e+00 0.000000000000000000e+00 1.444952919006152470e-02 0.000000000000000000e+00 0.000000000000000000e+00 0.000000000000000000e+00 0.000000000000000000e+00 0.000000000000000000e+00 1.059613155159831316e-01 1.264986287229319939e-01 7.278613765226906729e-01
6.800000000000000000e+03 0.000000000000000000e+00 0.000000000000000000e+00 0.000000000000000000e+00 0.000000000000000000e+00 0.000000000000000000e+00 5.829288658681573926e-06 0.000000000000000000e+00 1.058521144365453560e-02 0.000000000000000000e+00 1.360792039542283605e-06 0.000000000000000000e+00 1.376470877224673841e-04 0.000000000000000000e+00 1.439791691259446546e-02 0.000000000000000000e+00 1.011845236628709181e-04 0.000000000000000000e+00 0.000000000000000000e+00 0.000000000000000000e+00 1.444952919006152817e-02 0.000000000000000000e+00 0.000000000000000000e+00 0.000000000000000000e+00 0.000000000000000000e+00 0.000000000000000000e+00 1.059613155159831316e-01 1.264986287229319939e-01 7.278613765226908949e-01
7.100000000000000000e+03 0.000000000000000000e+00 0.000000000000000000e+00 0.000000000000000000e+00 0.000000000000000000e+00 0.000000000000000000e+00 1.166552844507394185e-05 0.000000000000000000e+00 2.445072255884689350e-02 0.000000000000000000e+00 3.844542590614661223e-06 0.000000000000000000e+00 7.531031345226649014e-03 0.000000000000000000e+00 1.310760373186817263e-01 0.000000000000000000e+00 1.764162817408196793e-03 0.000000000000000000e+00 0.000000000000000000e+00 0.000000000000000000e+00 7.045558465904094847e-02 0.000000000000000000e+00 0.000000000000000000e+00 0.000000000000000000e+00 0.000000000000000000e+00 0.000000000000000000e+00 4.913913127330223896e-01 1.883394106808365387e-01 8.497622781590093155e-02
7.400000000000000000e+03 0.000000000000000000e+00 0.000000000000000000e+00 0.000000000000000000e+00 0.000000000000000000e+00 0.000000000000000000e+00 1.166552844507394016e-05 0.000000000000000000e+00 2.445072255884689350e-02 0.000000000000000000e+00 3.844542590614660376e-06 0.000000000000000000e+00 7.531031345226649014e-03 0.000000000000000000e+00 1.310760373186817263e-01 0.000000000000000000e+00 1.764162817408196577e-03 0.000000000000000000e+00 0.000000000000000000e+00 0.000000000000000000e+00 7.045558465904093459e-02 0.000000000000000000e+00 0.000000000000000000e+00 0.000000000000000000e+00 0.000000000000000000e+00 0.000000000000000000e+00 4.913913127330224451e-01 1.883394106808365664e-01 8.497622781590091767e-02
7.700000000000000000e+03 0.000000000000000000e+00 0.000000000000000000e+00 0.000000000000000000e+00 0.000000000000000000e+00 0.000000000000000000e+00 1.166552844507394355e-05 0.000000000000000000e+00 2.445072255884688656e-02 0.000000000000000000e+00 3.844542590614660376e-06 0.000000000000000000e+00 7.531031345226649014e-03 0.000000000000000000e+00 1.310760373186816985e-01 0.000000000000000000e+00 1.764162817408196577e-03 0.000000000000000000e+00 0.000000000000000000e+00 0.000000000000000000e+00 7.045558465904093459e-02 0.000000000000000000e+00 0.000000000000000000e+00 0.000000000000000000e+00 0.000000000000000000e+00 0.000000000000000000e+00 4.913913127330224451e-01 1.883394106808365664e-01 8.497622781590091767e-02
8.000000000000000000e+03 0.000000000000000000e+00 0.000000000000000000e+00 0.000000000000000000e+00 0.000000000000000000e+00 0.000000000000000000e+00 1.166552844507394185e-05 0.000000000000000000e+00 2.445072255884689350e-02 0.000000000000000000e+00 3.844542590614661223e-06 0.000000000000000000e+00 7.531031345226649881e-03 0.000000000000000000e+00 1.310760373186817263e-01 0.000000000000000000e+00 1.764162817408196793e-03 0.000000000000000000e+00 0.000000000000000000e+00 0.000000000000000000e+00 7.045558465904094847e-02 0.000000000000000000e+00 0.000000000000000000e+00 0.000000000000000000e+00 0.000000000000000000e+00 0.000000000000000000e+00 4.913913127330224451e-01 1.883394106808365942e-01 8.497622781590093155e-02
8.300000000000000000e+03 0.000000000000000000e+00 0.000000000000000000e+00 0.000000000000000000e+00 0.000000000000000000e+00 0.000000000000000000e+00 1.166552844507394185e-05 0.000000000000000000e+00 2.445072255884689003e-02 0.000000000000000000e+00 3.844542590614661223e-06 0.000000000000000000e+00 7.531031345226648147e-03 0.000000000000000000e+00 1.310760373186817263e-01 0.000000000000000000e+00 1.764162817408196577e-03 0.000000000000000000e+00 0.000000000000000000e+00 0.000000000000000000e+00 7.045558465904094847e-02 0.000000000000000000e+00 0.000000000000000000e+00 0.000000000000000000e+00 0.000000000000000000e+00 0.000000000000000000e+00 4.913913127330223896e-01 1.883394106808365387e-01 8.497622781590091767e-02
8.600000000000000000e+03 0.000000000000000000e+00 0.000000000000000000e+00 0.000000000000000000e+00 0.000000000000000000e+00 0.000000000000000000e+00 1.166552844507394016e-05 0.000000000000000000e+00 2.445072255884688656e-02 0.000000000000000000e+00 3.844542590614660376e-06 0.000000000000000000e+00 7.531031345226647279e-03 0.000000000000000000e+00 1.310760373186817263e-01 0.000000000000000000e+00 1.764162817408196360e-03 0.000000000000000000e+00 0.000000000000000000e+00 0.000000000000000000e+00 7.045558465904094847e-02 0.000000000000000000e+00 0.000000000000000000e+00 0.000000000000000000e+00 0.000000000000000000e+00 0.000000000000000000e+00 4.913913127330224451e-01 1.883394106808365664e-01 8.497622781590091767e-02
8.900000000000000000e+03 0.000000000000000000e+00 0.000000000000000000e+00 0.000000000000000000e+00 0.000000000000000000e+00 0.000000000000000000e+00 1.166552844507394016e-05 0.000000000000000000e+00 2.445072255884689003e-02 0.000000000000000000e+00 3.844542590614661223e-06 0.000000000000000000e+00 7.531031345226648147e-03 0.000000000000000000e+00 1.310760373186816985e-01 0.000000000000000000e+00 1.764162817408196793e-03 0.000000000000000000e+00 0.000000000000000000e+00 0.000000000000000000e+00 7.045558465904094847e-02 0.000000000000000000e+00 0.000000000000000000e+00 0.000000000000000000e+00 0.000000000000000000e+00 0.000000000000000000e+00 4.913913127330223896e-01 1.883394106808365664e-01 8.497622781590093155e-02
9.200000000000000000e+03 0.000000000000000000e+00 0.000000000000000000e+00 0.000000000000000000e+00 0.000000000000000000e+00 0.000000000000000000e+00 1.166552844507394016e-05 0.000000000000000000e+00 2.445072255884688656e-02 0.000000000000000000e+00 3.844542590614660376e-06 0.000000000000000000e+00 7.531031345226647279e-03 0.000000000000000000e+00 1.310760373186816985e-01 0.000000000000000000e+00 1.764162817408196577e-03 0.000000000000000000e+00 0.000000000000000000e+00 0.000000000000000000e+00 7.045558465904093459e-02 0.000000000000000000e+00 0.000000000000000000e+00 0.000000000000000000e+00 0.000000000000000000e+00 0.000000000000000000e+00 4.913913127330224451e-01 1.883394106808365387e-01 8.497622781590091767e-02
9.500000000000000000e+03 0.000000000000000000e+00 0.000000000000000000e+00 0.000000000000000000e+00 0.000000000000000000e+00 0.000000000000000000e+00 1.166552844507394355e-05 0.000000000000000000e+00 2.445072255884689003e-02 0.000000000000000000e+00 3.844542590614660376e-06 0.000000000000000000e+00 7.531031345226650749e-03 0.000000000000000000e+00 1.310760373186817540e-01 0.000000000000000000e+00 1.764162817408196793e-03 0.000000000000000000e+00 0.000000000000000000e+00 0.000000000000000000e+00 7.045558465904094847e-02 0.000000000000000000e+00 0.000000000000000000e+00 0.000000000000000000e+00 0.000000000000000000e+00 0.000000000000000000e+00 4.913913127330225006e-01 1.883394106808365664e-01 8.497622781590093155e-02
9.800000000000000000e+03 0.000000000000000000e+00 0.000000000000000000e+00 0.000000000000000000e+00 0.000000000000000000e+00 0.000000000000000000e+00 1.166552844507394185e-05 0.000000000000000000e+00 2.445072255884689003e-02 0.000000000000000000e+00 3.844542590614661223e-06 0.000000000000000000e+00 7.531031345226649881e-03 0.000000000000000000e+00 1.310760373186817263e-01 0.000000000000000000e+00 1.764162817408196793e-03 0.000000000000000000e+00 0.000000000000000000e+00 0.000000000000000000e+00 7.045558465904094847e-02 0.000000000000000000e+00 0.000000000000000000e+00 0.000000000000000000e+00 0.000000000000000000e+00 0.000000000000000000e+00 4.913913127330224451e-01 1.883394106808365109e-01 8.497622781590093155e-02
1.010000000000000000e+04 0.000000000000000000e+00 0.000000000000000000e+00 0.000000000000000000e+00 0.000000000000000000e+00 0.000000000000000000e+00 5.277742611904659118e-06 0.000000000000000000e+00 8.325658375067842773e-03 0.000000000000000000e+00 1.328665146231246420e-06 0.000000000000000000e+00 1.144458605014442992e-01 0.000000000000000000e+00 6.158329189157391026e-01 0.000000000000000000e+00 6.511097443789373718e-02 0.000000000000000000e+00 0.000000000000000000e+00 0.000000000000000000e+00 7.292815856617260173e-02 0.000000000000000000e+00 0.000000000000000000e+00 0.000000000000000000e+00 0.000000000000000000e+00 0.000000000000000000e+00 6.801623596725218934e-02 5.059432281411688909e-02 4.739264014555315263e-03
1.040000000000000000e+04 0.000000000000000000e+00 0.000000000000000000e+00 0.000000000000000000e+00 0.000000000000000000e+00 0.000000000000000000e+00 5.277742611904658271e-06 0.000000000000000000e+00 8.325658375067839304e-03 0.000000000000000000e+00 1.328665146231245997e-06 0.000000000000000000e+00 1.144458605014442992e-01 0.000000000000000000e+00 6.158329189157389916e-01 0.000000000000000000e+00 6.511097443789372330e-02 0.000000000000000000e+00 0.000000000000000000e+00 0.000000000000000000e+00 7.292815856617260173e-02 0.000000000000000000e+00 0.000000000000000000e+00 0.000000000000000000e+00 0.000000000000000000e+00 0.000000000000000000e+00 6.801623596725217546e-02 5.059432281411687521e-02 4.739264014555314396e-03
1.070000000000000000e+04 0.000000000000000000e+00 0.000000000000000000e+00 0.000000000000000000e+00 0.000000000000000000e+00 0.000000000000000000e+00 5.277742611904659118e-06 0.000000000000000000e+00 8.325658375067841038e-03 0.000000000000000000e+00 1.328665146231246420e-06 0.000000000000000000e+00 1.144458605014442992e-01 0.000000000000000000e+00 6.158329189157389916e-01 0.000000000000000000e+00 6.511097443789372330e-02 0.000000000000000000e+00 0.000000000000000000e+00 0.000000000000000000e+00 7.292815856617260173e-02 0.000000000000000000e+00 0.000000000000000000e+00 0.000000000000000000e+00 0.000000000000000000e+00 0.000000000000000000e+00 6.801623596725218934e-02 5.059432281411687521e-02 4.739264014555315263e-03
1.100000000000000000e+04 0.000000000000000000e+00 0.000000000000000000e+00 0.000000000000000000e+00 0.000000000000000000e+00 0.000000000000000000e+00 5.277742611904659965e-06 0.000000000000000000e+00 8.325658375067842773e-03 0.000000000000000000e+00 1.328665146231246632e-06 0.000000000000000000e+00 1.144458605014443270e-01 0.000000000000000000e+00 6.158329189157391026e-01 0.000000000000000000e+00 6.511097443789375105e-02 0.000000000000000000e+00 0.000000000000000000e+00 0.000000000000000000e+00 7.292815856617261561e-02 0.000000000000000000e+00 0.000000000000000000e+00 0.000000000000000000e+00 0.000000000000000000e+00 0.000000000000000000e+00 6.801623596725220322e-02 5.059432281411688909e-02 4.739264014555316998e-03
1.130000000000000000e+04 0.000000000000000000e+00 0.000000000000000000e+00 0.000000000000000000e+00 0.000000000000000000e+00 0.000000000000000000e+00 5.277742611904659118e-06 0.000000000000000000e+00 8.325658375067842773e-03 0.000000000000000000e+00 1.328665146231246420e-06 0.000000000000000000e+00 1.144458605014443131e-01 0.000000000000000000e+00 6.158329189157389916e-01 0.000000000000000000e+00 6.511097443789372330e-02 0.000000000000000000e+00 0.000000000000000000e+00 0.000000000000000000e+00 7.292815856617260173e-02 0.000000000000000000e+00 0.000000000000000000e+00 0.000000000000000000e+00 0.000000000000000000e+00 0.000000000000000000e+00 6.801623596725218934e-02 5.059432281411688215e-02 4.739264014555316130e-03
1.160000000000000000e+04 0.000000000000000000e+00 0.000000000000000000e+00 0.000000000000000000e+00 0.000000000000000000e+00 0.000000000000000000e+00 5.277742611904659118e-06 0.000000000000000000e+00 8.325658375067842773e-03 0.000000000000000000e+00 1.328665146231246420e-06 0.000000000000000000e+00 1.144458605014442992e-01 0.000000000000000000e+00 6.158329189157391026e-01 0.000000000000000000e+00 6.511097443789373718e-02 0.000000000000000000e+00 0.000000000000000000e+00 0.000000000000000000e+00 7.292815856617261561e-02 0.000000000000000000e+00 0.000000000000000000e+00 0.000000000000000000e+00 0.000000000000000000e+00 0.000000000000000000e+00 6.801623596725220322e-02 5.059432281411688215e-02 4.739264014555316130e-03
1.190000000000000000e+04 0.000000000000000000e+00 0.000000000000000000e+00 0.000000000000000000e+00 0.000000000000000000e+00 0.000000000000000000e+00 5.277742611904658271e-06 0.000000000000000000e+00 8.325658375067839304e-03 0.000000000000000000e+00 1.328665146231245997e-06 0.000000000000000000e+00 1.144458605014442992e-01 0.000000000000000000e+00 6.158329189157389916e-01 0.000000000000000000e+00 6.511097443789372330e-02 0.000000000000000000e+00 0.000000000000000000e+00 0.000000000000000000e+00 7.292815856617260173e-02 0.000000000000000000e+00 0.000000000000000000e+00 0.000000000000000000e+00 0.000000000000000000e+00 0.000000000000000000e+00 6.801623596725218934e-02 5.059432281411687521e-02 4.739264014555314396e-03
1.220000000000000000e+04 0.000000000000000000e+00 0.000000000000000000e+00 0.000000000000000000e+00 0.000000000000000000e+00 0.000000000000000000e+00 5.277742611904659118e-06 0.000000000000000000e+00 8.325658375067841038e-03 0.000000000000000000e+00 1.328665146231245997e-06 0.000000000000000000e+00 1.144458605014443131e-01 0.000000000000000000e+00 6.158329189157389916e-01 0.000000000000000000e+00 6.511097443789372330e-02 0.000000000000000000e+00 0.000000000000000000e+00 0.000000000000000000e+00 7.292815856617258785e-02 0.000000000000000000e+00 0.000000000000000000e+00 0.000000000000000000e+00 0.000000000000000000e+00 0.000000000000000000e+00 6.801623596725218934e-02 5.059432281411687521e-02 4.739264014555315263e-03
1.250000000000000000e+04 0.000000000000000000e+00 0.000000000000000000e+00 0.000000000000000000e+00 0.000000000000000000e+00 0.000000000000000000e+00 5.277742611904659118e-06 0.000000000000000000e+00 8.325658375067841038e-03 0.000000000000000000e+00 1.328665146231246208e-06 0.000000000000000000e+00 1.144458605014442992e-01 0.000000000000000000e+00 6.158329189157389916e-01 0.000000000000000000e+00 6.511097443789372330e-02 0.000000000000000000e+00 0.000000000000000000e+00 0.000000000000000000e+00 7.292815856617258785e-02 0.000000000000000000e+00 0.000000000000000000e+00 0.000000000000000000e+00 0.000000000000000000e+00 0.000000000000000000e+00 6.801623596725220322e-02 5.059432281411687521e-02 4.739264014555315263e-03
1.280000000000000000e+04 0.000000000000000000e+00 0.000000000000000000e+00 0.000000000000000000e+00 0.000000000000000000e+00 0.000000000000000000e+00 5.277742611904658271e-06 0.000000000000000000e+00 8.325658375067839304e-03 0.000000000000000000e+00 1.328665146231245997e-06 0.000000000000000000e+00 1.144458605014442854e-01 0.000000000000000000e+00 6.158329189157388805e-01 0.000000000000000000e+00 6.511097443789372330e-02 0.000000000000000000e+00 0.000000000000000000e+00 0.000000000000000000e+00 7.292815856617258785e-02 0.000000000000000000e+00 0.000000000000000000e+00 0.000000000000000000e+00 0.000000000000000000e+00 0.000000000000000000e+00 6.801623596725218934e-02 5.059432281411686827e-02 4.739264014555314396e-03
1.310000000000000000e+04 0.000000000000000000e+00 0.000000000000000000e+00 0.000000000000000000e+00 0.000000000000000000e+00 0.000000000000000000e+00 6.205008689202086348e-06 0.000000000000000000e+00 9.388680394230248805e-01 0.000000000000000000e+00 5.378276828438920446e-07 0.000000000000000000e+00 6.865567253341520008e-03 0.000000000000000000e+00 5.015381042220191932e-02 0.000000000000000000e+00 1.512770023960367841e-05 0.000000000000000000e+00 0.000000000000000000e+00 0.000000000000000000e+00 1.093384978591663628e-03 0.000000000000000000e+00 0.000000000000000000e+00 0.000000000000000000e+00 0.000000000000000000e+00 0.000000000000000000e+00 6.660111600678111010e-04 1.703554130287772243e-03 6.277620958728065718e-04
1.340000000000000000e+04 0.000000000000000000e+00 0.000000000000000000e+00 0.000000000000000000e+00 0.000000000000000000e+00 0.000000000000000000e+00 6.205008689202084654e-06 0.000000000000000000e+00 9.388680394230246584e-01 0.000000000000000000e+00 5.378276828438919387e-07 0.000000000000000000e+00 6.865567253341516539e-03 0.000000000000000000e+00 5.015381042220191238e-02 0.000000000000000000e+00 1.512770023960367672e-05 0.000000000000000000e+00 0.000000000000000000e+00 0.000000000000000000e+00 1.093384978591663628e-03 0.000000000000000000e+00 0.000000000000000000e+00 0.000000000000000000e+00 0.000000000000000000e+00 0.000000000000000000e+00 6.660111600678109926e-04 1.703554130287772026e-03 6.277620958728063550e-04
1.370000000000000000e+04 0.000000000000000000e+00 0.000000000000000000e+00 0.000000000000000000e+00 0.000000000000000000e+00 0.000000000000000000e+00 6.205008689202087195e-06 0.000000000000000000e+00 9.388680394230248805e-01 0.000000000000000000e+00 5.378276828438922564e-07 0.000000000000000000e+00 6.865567253341520008e-03 0.000000000000000000e+00 5.015381042220193319e-02 0.000000000000000000e+00 1.512770023960368349e-05 0.000000000000000000e+00 0.000000000000000000e+00 0.000000000000000000e+00 1.093384978591664062e-03 0.000000000000000000e+00 0.000000000000000000e+00 0.000000000000000000e+00 0.000000000000000000e+00 0.000000000000000000e+00 6.660111600678114262e-04 1.703554130287772677e-03 6.277620958728066802e-04
1.400000000000000000e+04 0.000000000000000000e+00 0.000000000000000000e+00 0.000000000000000000e+00 0.000000000000000000e+00 0.000000000000000000e+00 6.205008689202087195e-06 0.000000000000000000e+00 9.388680394230247694e-01 0.000000000000000000e+00 5.378276828438921505e-07 0.000000000000000000e+00 6.865567253341520008e-03 0.000000000000000000e+00 5.015381042220193319e-02 0.000000000000000000e+00 1.512770023960368180e-05 0.000000000000000000e+00 0.000000000000000000e+00 0.000000000000000000e+00 1.093384978591663845e-03 0.000000000000000000e+00 0.000000000000000000e+00 0.000000000000000000e+00 0.000000000000000000e+00 0.000000000000000000e+00 6.660111600678112094e-04 1.703554130287772460e-03 6.277620958728065718e-04
1.430000000000000000e+04 0.000000000000000000e+00 0.000000000000000000e+00 0.000000000000000000e+00 0.000000000000000000e+00 0.000000000000000000e+00 6.205008689202087195e-06 0.000000000000000000e+00 9.388680394230249915e-01 0.000000000000000000e+00 5.378276828438921505e-07 0.000000000000000000e+00 6.865567253341520876e-03 0.000000000000000000e+00 5.015381042220193319e-02 0.000000000000000000e+00 1.512770023960368349e-05 0.000000000000000000e+00 0.000000000000000000e+00 0.000000000000000000e+00 1.093384978591664062e-03 0.000000000000000000e+00 0.000000000000000000e+00 0.000000000000000000e+00 0.000000000000000000e+00 0.000000000000000000e+00 6.660111600678112094e-04 1.703554130287772894e-03 6.277620958728066802e-04
1.460000000000000000e+04 0.000000000000000000e+00 0.000000000000000000e+00 0.000000000000000000e+00 0.000000000000000000e+00 0.000000000000000000e+00 6.205008689202088042e-06 0.000000000000000000e+00 9.388680394230251025e-01 0.000000000000000000e+00 5.378276828438922564e-07 0.000000000000000000e+00 6.865567253341521743e-03 0.000000000000000000e+00 5.015381042220194013e-02 0.000000000000000000e+00 1.512770023960368688e-05 0.000000000000000000e+00 0.000000000000000000e+00 0.000000000000000000e+00 1.093384978591664279e-03 0.000000000000000000e+00 0.000000000000000000e+00 0.000000000000000000e+00 0.000000000000000000e+00 0.000000000000000000e+00 6.660111600678113178e-04 1.703554130287773328e-03 6.277620958728067887e-04
1.490000000000000000e+04 0.000000000000000000e+00 0.000000000000000000e+00 0.000000000000000000e+00 0.000000000000000000e+00 0.000000000000000000e+00 6.205008689202085501e-06 0.000000000000000000e+00 9.388680394230247694e-01 0.000000000000000000e+00 5.378276828438920446e-07 0.000000000000000000e+00 6.865567253341518274e-03 0.000000000000000000e+00 5.015381042220192626e-02 0.000000000000000000e+00 1.512770023960368180e-05 0.000000000000000000e+00 0.000000000000000000e+00 0.000000000000000000e+00 1.093384978591663845e-03 0.000000000000000000e+00 0.000000000000000000e+00 0.000000000000000000e+00 0.000000000000000000e+00 0.000000000000000000e+00 6.660111600678112094e-04 1.703554130287772026e-03 6.277620958728064634e-04
1.520000000000000000e+04 0.000000000000000000e+00 0.000000000000000000e+00 0.000000000000000000e+00 0.000000000000000000e+00 0.000000000000000000e+00 6.205008689202087195e-06 0.000000000000000000e+00 9.388680394230249915e-01 0.000000000000000000e+00 5.378276828438921505e-07 0.000000000000000000e+00 6.865567253341520008e-03 0.000000000000000000e+00 5.015381042220193319e-02 0.000000000000000000e+00 1.512770023960368349e-05 0.000000000000000000e+00 0.000000000000000000e+00 0.000000000000000000e+00 1.093384978591663845e-03 0.000000000000000000e+00 0.000000000000000000e+00 0.000000000000000000e+00 0.000000000000000000e+00 0.000000000000000000e+00 6.660111600678112094e-04 1.703554130287772460e-03 6.277620958728065718e-04
1.550000000000000000e+04 0.000000000000000000e+00 0.000000000000000000e+00 0.000000000000000000e+00 0.000000000000000000e+00 0.000000000000000000e+00 6.205008689202085501e-06 0.000000000000000000e+00 9.388680394230247694e-01 0.000000000000000000e+00 5.378276828438921505e-07 0.000000000000000000e+00 6.865567253341520008e-03 0.000000000000000000e+00 5.015381042220193319e-02 0.000000000000000000e+00 1.512770023960368180e-05 0.000000000000000000e+00 0.000000000000000000e+00 0.000000000000000000e+00 1.093384978591663845e-03 0.000000000000000000e+00 0.000000000000000000e+00 0.000000000000000000e+00 0.000000000000000000e+00 0.000000000000000000e+00 6.660111600678112094e-04 1.703554130287772460e-03 6.277620958728065718e-04
1.580000000000000000e+04 0.000000000000000000e+00 0.000000000000000000e+00 0.000000000000000000e+00 0.000000000000000000e+00 0.000000000000000000e+00 6.205008689202087195e-06 0.000000000000000000e+00 9.388680394230248805e-01 0.000000000000000000e+00 5.378276828438921505e-07 0.000000000000000000e+00 6.865567253341518274e-03 0.000000000000000000e+00 5.015381042220192626e-02 0.000000000000000000e+00 1.512770023960368349e-05 0.000000000000000000e+00 0.000000000000000000e+00 0.000000000000000000e+00 1.093384978591664062e-03 0.000000000000000000e+00 0.000000000000000000e+00 0.000000000000000000e+00 0.000000000000000000e+00 0.000000000000000000e+00 6.660111600678112094e-04 1.703554130287772243e-03 6.277620958728066802e-04
1.610000000000000000e+04 0.000000000000000000e+00 0.000000000000000000e+00 0.000000000000000000e+00 0.000000000000000000e+00 0.000000000000000000e+00 6.205008689202088042e-06 0.000000000000000000e+00 9.388680394230249915e-01 0.000000000000000000e+00 5.378276828438921505e-07 0.000000000000000000e+00 6.865567253341520008e-03 0.000000000000000000e+00 5.015381042220193319e-02 0.000000000000000000e+00 1.512770023960368519e-05 0.000000000000000000e+00 0.000000000000000000e+00 0.000000000000000000e+00 1.093384978591664062e-03 0.000000000000000000e+00 0.000000000000000000e+00 0.000000000000000000e+00 0.000000000000000000e+00 0.000000000000000000e+00 6.660111600678114262e-04 1.703554130287772894e-03 6.277620958728066802e-04
1.640000000000000000e+04 0.000000000000000000e+00 0.000000000000000000e+00 0.000000000000000000e+00 0.000000000000000000e+00 0.000000000000000000e+00 6.205008689202086348e-06 0.000000000000000000e+00 9.388680394230246584e-01 0.000000000000000000e+00 5.378276828438920446e-07 0.000000000000000000e+00 6.865567253341518274e-03 0.000000000000000000e+00 5.015381042220192626e-02 0.000000000000000000e+00 1.512770023960368011e-05 0.000000000000000000e+00 0.000000000000000000e+00 0.000000000000000000e+00 1.093384978591663845e-03 0.000000000000000000e+00 0.000000000000000000e+00 0.000000000000000000e+00 0.000000000000000000e+00 0.000000000000000000e+00 6.660111600678112094e-04 1.703554130287772026e-03 6.277620958728064634e-04
1.670000000000000000e+04 0.000000000000000000e+00 0.000000000000000000e+00 0.000000000000000000e+00 0.000000000000000000e+00 0.000000000000000000e+00 6.205008689202088042e-06 0.000000000000000000e+00 9.388680394230247694e-01 0.000000000000000000e+00 5.378276828438921505e-07 0.000000000000000000e+00 6.865567253341520008e-03 0.000000000000000000e+00 5.015381042220194013e-02 0.000000000000000000e+00 1.512770023960368349e-05 0.000000000000000000e+00 0.000000000000000000e+00 0.000000000000000000e+00 1.093384978591664062e-03 0.000000000000000000e+00 0.000000000000000000e+00 0.000000000000000000e+00 0.000000000000000000e+00 0.000000000000000000e+00 6.660111600678113178e-04 1.703554130287772677e-03 6.277620958728066802e-04
1.700000000000000000e+04 0.000000000000000000e+00 0.000000000000000000e+00 0.000000000000000000e+00 0.000000000000000000e+00 0.000000000000000000e+00 2.529328251880124181e-02 0.000000000000000000e+00 9.003991006825134980e-01 0.000000000000000000e+00 1.131372465507579118e-02 0.000000000000000000e+00 6.261806454185640802e-02 0.000000000000000000e+00 1.564118343015978566e-05 0.000000000000000000e+00 1.262184500350906923e-05 0.000000000000000000e+00 0.000000000000000000e+00 0.000000000000000000e+00 2.576271576919907368e-05 0.000000000000000000e+00 0.000000000000000000e+00 0.000000000000000000e+00 0.000000000000000000e+00 0.000000000000000000e+00 1.262478704031074037e-04 4.417134365734684342e-05 1.513826434897795365e-04
1.730000000000000000e+04 0.000000000000000000e+00 0.000000000000000000e+00 0.000000000000000000e+00 0.000000000000000000e+00 0.000000000000000000e+00 2.529328251880123488e-02 0.000000000000000000e+00 9.003991006825133869e-01 0.000000000000000000e+00 1.131372465507578945e-02 0.000000000000000000e+00 6.261806454185639415e-02 0.000000000000000000e+00 1.564118343015978905e-05 0.000000000000000000e+00 1.262184500350906753e-05 0.000000000000000000e+00 0.000000000000000000e+00 0.000000000000000000e+00 2.576271576919907029e-05 0.000000000000000000e+00 0.000000000000000000e+00 0.000000000000000000e+00 0.000000000000000000e+00 0.000000000000000000e+00 1.262478704031073495e-04 4.417134365734683664e-05 1.513826434897795094e-04
1.760000000000000000e+04 0.000000000000000000e+00 0.000000000000000000e+00 0.000000000000000000e+00 0.000000000000000000e+00 0.000000000000000000e+00 2.529328251880123835e-02 0.000000000000000000e+00 9.003991006825136090e-01 0.000000000000000000e+00 1.131372465507579292e-02 0.000000000000000000e+00 6.261806454185640802e-02 0.000000000000000000e+00 1.564118343015978905e-05 0.000000000000000000e+00 1.262184500350906753e-05 0.000000000000000000e+00 0.000000000000000000e+00 0.000000000000000000e+00 2.576271576919907707e-05 0.000000000000000000e+00 0.000000000000000000e+00 0.000000000000000000e+00 0.000000000000000000e+00 0.000000000000000000e+00 1.262478704031073766e-04 4.417134365734684342e-05 1.513826434897795365e-04
1.790000000000000000e+04 0.000000000000000000e+00 0.000000000000000000e+00 0.000000000000000000e+00 0.000000000000000000e+00 0.000000000000000000e+00 2.529328251880124181e-02 0.000000000000000000e+00 9.003991006825134980e-01 0.000000000000000000e+00 1.131372465507579118e-02 0.000000000000000000e+00 6.261806454185642190e-02 0.000000000000000000e+00 1.564118343015978905e-05 0.000000000000000000e+00 1.262184500350907092e-05 0.000000000000000000e+00 0.000000000000000000e+00 0.000000000000000000e+00 2.576271576919908046e-05 0.000000000000000000e+00 0.000000000000000000e+00 0.000000000000000000e+00 0.000000000000000000e+00 0.000000000000000000e+00 1.262478704031073766e-04 4.417134365734685019e-05 1.513826434897795365e-04
1.820000000000000000e+04 0.000000000000000000e+00 0.000000000000000000e+00 0.000000000000000000e+00 0.000000000000000000e+00 0.000000000000000000e+00 2.529328251880123835e-02 0.000000000000000000e+00 9.003991006825134980e-01 0.000000000000000000e+00 1.131372465507578945e-02 0.000000000000000000e+00 6.261806454185639415e-02 0.000000000000000000e+00 1.564118343015978905e-05 0.000000000000000000e+00 1.262184500350906584e-05 0.000000000000000000e+00 0.000000000000000000e+00 0.000000000000000000e+00 2.576271576919907029e-05 0.000000000000000000e+00 0.000000000000000000e+00 0.000000000000000000e+00 0.000000000000000000e+00 0.000000000000000000e+00 1.262478704031073766e-04 4.417134365734684342e-05 1.513826434897795094e-04
1.850000000000000000e+04 0.000000000000000000e+00 0.000000000000000000e+00 0.000000000000000000e+00 0.000000000000000000e+00 0.000000000000000000e+00 2.529328251880124181e-02 0.000000000000000000e+00 9.003991006825137200e-01 0.000000000000000000e+00 1.131372465507579465e-02 0.000000000000000000e+00 6.261806454185642190e-02 0.000000000000000000e+00 1.564118343015978905e-05 0.000000000000000000e+00 1.262184500350906923e-05 0.000000000000000000e+00 0.000000000000000000e+00 0.000000000000000000e+00 2.576271576919908046e-05 0.000000000000000000e+00 0.000000000000000000e+00 0.000000000000000000e+00 0.000000000000000000e+00 0.000000000000000000e+00 1.262478704031074037e-04 4.417134365734685697e-05 1.513826434897795365e-04
1.880000000000000000e+04 0.000000000000000000e+00 0.000000000000000000e+00 0.000000000000000000e+00 0.000000000000000000e+00 0.000000000000000000e+00 2.529328251880123835e-02 0.000000000000000000e+00 9.003991006825133869e-01 0.000000000000000000e+00 1.131372465507578945e-02 0.000000000000000000e+00 6.261806454185639415e-02 0.000000000000000000e+00 1.564118343015978566e-05 0.000000000000000000e+00 1.262184500350906753e-05 0.000000000000000000e+00 0.000000000000000000e+00 0.000000000000000000e+00 2.576271576919907029e-05 0.000000000000000000e+00 0.000000000000000000e+00 0.000000000000000000e+00 0.000000000000000000e+00 0.000000000000000000e+00 1.262478704031073766e-04 4.417134365734684342e-05 1.513826434897795365e-04
1.910000000000000000e+04 0.000000000000000000e+00 0.000000000000000000e+00 0.000000000000000000e+00 0.000000000000000000e+00 0.000000000000000000e+00 2.529328251880123835e-02 0.000000000000000000e+00 9.003991006825133869e-01 0.000000000000000000e+00 1.131372465507579118e-02 0.000000000000000000e+00 6.261806454185639415e-02 0.000000000000000000e+00 1.564118343015978566e-05 0.000000000000000000e+00 1.262184500350906584e-05 0.000000000000000000e+00 0.000000000000000000e+00 0.000000000000000000e+00 2.576271576919907368e-05 0.000000000000000000e+00 0.000000000000000000e+00 0.000000000000000000e+00 0.000000000000000000e+00 0.000000000000000000e+00 1.262478704031073766e-04 4.417134365734685019e-05 1.513826434897795094e-04
1.940000000000000000e+04 0.000000000000000000e+00 0.000000000000000000e+00 0.000000000000000000e+00 0.000000000000000000e+00 0.000000000000000000e+00 2.529328251880123835e-02 0.000000000000000000e+00 9.003991006825133869e-01 0.000000000000000000e+00 1.131372465507579118e-02 0.000000000000000000e+00 6.261806454185639415e-02 0.000000000000000000e+00 1.564118343015978905e-05 0.000000000000000000e+00 1.262184500350906753e-05 0.000000000000000000e+00 0.000000000000000000e+00 0.000000000000000000e+00 2.576271576919907368e-05 0.000000000000000000e+00 0.000000000000000000e+00 0.000000000000000000e+00 0.000000000000000000e+00 0.000000000000000000e+00 1.262478704031073766e-04 4.417134365734683664e-05 1.513826434897795094e-04
1.970000000000000000e+04 0.000000000000000000e+00 0.000000000000000000e+00 0.000000000000000000e+00 0.000000000000000000e+00 0.000000000000000000e+00 2.529328251880124181e-02 0.000000000000000000e+00 9.003991006825134980e-01 0.000000000000000000e+00 1.131372465507579118e-02 0.000000000000000000e+00 6.261806454185639415e-02 0.000000000000000000e+00 1.564118343015978905e-05 0.000000000000000000e+00 1.262184500350906923e-05 0.000000000000000000e+00 0.000000000000000000e+00 0.000000000000000000e+00 2.576271576919908046e-05 0.000000000000000000e+00 0.000000000000000000e+00 0.000000000000000000e+00 0.000000000000000000e+00 0.000000000000000000e+00 1.262478704031073766e-04 4.417134365734685697e-05 1.513826434897795636e-04
