3.500000000000000000e+03 0.000000000000000000e+00 0.000000000000000000e+00 0.000000000000000000e+00 0.000000000000000000e+00 0.000000000000000000e+00 1.211145687074479314e-05 0.000000000000000000e+00 2.105585184297210574e-02 0.000000000000000000e+00 2.984011886294742329e-06 0.000000000000000000e+00 2.807679162284855141e-04 0.000000000000000000e+00 7.755412653566441661e-02 0.000000000000000000e+00 2.073661145750263935e-04 0.000000000000000000e+00 0.000000000000000000e+00 0.000000000000000000e+00 3.051584837151545201e-02 0.000000000000000000e+00 0.000000000000000000e+00 0.000000000000000000e+00 0.000000000000000000e+00 0.000000000000000000e+00 3.165049779762060256e-01 2.405511632151408341e-01 3.133148025589405083e-01
3.800000000000000000e+03 0.000000000000000000e+00 0.000000000000000000e+00 0.000000000000000000e+00 0.000000000000000000e+00 0.000000000000000000e+00 1.211145687074479822e-05 0.000000000000000000e+00 2.105585184297210921e-02 0.000000000000000000e+00 2.984011886294743599e-06 0.000000000000000000e+00 2.807679162284855683e-04 0.000000000000000000e+00 7.755412653566443049e-02 0.000000000000000000e+00 2.073661145750264477e-04 0.000000000000000000e+00 0.000000000000000000e+00 0.000000000000000000e+00 3.051584837151546242e-02 0.000000000000000000e+00 0.000000000000000000e+00 0.000000000000000000e+00 0.000000000000000000e+00 0.000000000000000000e+00 3.165049779762059701e-01 2.405511632151408619e-01 3.133148025589405083e-01
4.100000000000000000e+03 0.000000000000000000e+00 0.000000000000000000e+00 0.000000000000000000e+00 0.000000000000000000e+00 0.000000000000000000e+00 1.211145687074479483e-05 0.000000000000000000e+00 2.105585184297211268e-02 0.000000000000000000e+00 2.984011886294743599e-06 0.000000000000000000e+00 2.807679162284855683e-04 0.000000000000000000e+00 7.755412653566444436e-02 0.000000000000000000e+00 2.073661145750264748e-04 0.000000000000000000e+00 0.000000000000000000e+00 0.000000000000000000e+00 3.051584837151545895e-02 0.000000000000000000e+00 0.000000000000000000e+00 0.000000000000000000e+00 0.000000000000000000e+00 0.000000000000000000e+00 3.165049779762060256e-01 2.405511632151408619e-01 3.133148025589405639e-01
4.400000000000000000e+03 0.000000000000000000e+00 0.000000000000000000e+00 0.000000000000000000e+00 0.000000000000000000e+00 0.000000000000000000e+00 1.211145687074479653e-05 0.000000000000000000e+00 2.105585184297211268e-02 0.000000000000000000e+00 2.984011886294743599e-06 0.000000000000000000e+00 2.807679162284855683e-04 0.000000000000000000e+00 7.755412653566444436e-02 0.000000000000000000e+00 2.073661145750264477e-04 0.000000000000000000e+00 0.000000000000000000e+00 0.000000000000000000e+00 3.051584837151545548e-02 0.000000000000000000e+00 0.000000000000000000e+00 0.000000000000000000e+00 0.000000000000000000e+00 0.000000000000000000e+00 3.165049779762060256e-01 2.405511632151408341e-01 3.133148025589405639e-01
4.700000000000000000e+03 0.000000000000000000e+00 0.000000000000000000e+00 0.000000000000000000e+00 0.000000000000000000e+00 0.000000000000000000e+00 1.211145687074479653e-05 0.000000000000000000e+00 2.105585184297210921e-02 0.000000000000000000e+00 2.984011886294743599e-06 0.000000000000000000e+00 2.807679162284855683e-04 0.000000000000000000e+00 7.755412653566444436e-02 0.000000000000000000e+00 2.073661145750264748e-04 0.000000000000000000e+00 0.000000000000000000e+00 0.000000000000000000e+00 3.051584837151546242e-02 0.000000000000000000e+00 0.000000000000000000e+00 0.000000000000000000e+00 0.000000000000000000e+00 0.000000000000000000e+00 3.165049779762060256e-01 2.405511632151408341e-01 3.133148025589405639e-01
5.000000000000000000e+03 0.000000000000000000e+00 0.000000000000000000e+00 0.000000000000000000e+00 0.000000000000000000e+00 0.000000000000000000e+00 1.211145687074479483e-05 0.000000000000000000e+00 2.105585184297210921e-02 0.000000000000000000e+00 2.984011886294744023e-06 0.000000000000000000e+00 2.807679162284855683e-04 0.000000000000000000e+00 7.755412653566444436e-02 0.000000000000000000e+00 2.073661145750264477e-04 0.000000000000000000e+00 0.000000000000000000e+00 0.000000000000000000e+00 3.051584837151545895e-02 0.000000000000000000e+00 0.000000000000000000e+00 0.000000000000000000e+00 0.000000000000000000e+00 0.000000000000000000e+00 3.165049779762060256e-01 2.405511632151408064e-01 3.133148025589405639e-01
5.300000000000000000e+03 0.000000000000000000e+00 0.000000000000000000e+00 0.000000000000000000e+00 0.000000000000000000e+00 0.000000000000000000e+00 1.211145687074479483e-05 0.000000000000000000e+00 2.105585184297210227e-02 0.000000000000000000e+00 2.984011886294742752e-06 0.000000000000000000e+00 2.807679162284854599e-04 0.000000000000000000e+00 7.755412653566443049e-02 0.000000000000000000e+00 2.073661145750264206e-04 0.000000000000000000e+00 0.000000000000000000e+00 0.000000000000000000e+00 3.051584837151544854e-02 0.000000000000000000e+00 0.000000000000000000e+00 0.000000000000000000e+00 0.000000000000000000e+00 0.000000000000000000e+00 3.165049779762059701e-01 2.405511632151408064e-01 3.133148025589405083e-01
5.600000000000000000e+03 0.000000000000000000e+00 0.000000000000000000e+00 0.000000000000000000e+00 0.000000000000000000e+00 0.000000000000000000e+00 1.211145687074479483e-05 0.000000000000000000e+00 2.105585184297210574e-02 0.000000000000000000e+00 2.984011886294743176e-06 0.000000000000000000e+00 2.807679162284855141e-04 0.000000000000000000e+00 7.755412653566441661e-02 0.000000000000000000e+00 2.073661145750264206e-04 0.000000000000000000e+00 0.000000000000000000e+00 0.000000000000000000e+00 3.051584837151545548e-02 0.000000000000000000e+00 0.000000000000000000e+00 0.000000000000000000e+00 0.000000000000000000e+00 0.000000000000000000e+00 3.165049779762060256e-01 2.405511632151408064e-01 3.133148025589405083e-01
5.900000000000000000e+03 0.000000000000000000e+00 0.000000000000000000e+00 0.000000000000000000e+00 0.000000000000000000e+00 0.000000000000000000e+00 1.211145687074479653e-05 0.000000000000000000e+00 2.105585184297210574e-02 0.000000000000000000e+00 2.984011886294743599e-06 0.000000000000000000e+00 2.807679162284855683e-04 0.000000000000000000e+00 7.755412653566443049e-02 0.000000000000000000e+00 2.073661145750264477e-04 0.000000000000000000e+00 0.000000000000000000e+00 0.000000000000000000e+00 3.051584837151545895e-02 0.000000000000000000e+00 0.000000000000000000e+00 0.000000000000000000e+00 0.000000000000000000e+00 0.000000000000000000e+00 3.165049779762060256e-01 2.405511632151408619e-01 3.133148025589405083e-01
6.200000000000000000e+03 0.000000000000000000e+00 0.000000000000000000e+00 0.000000000000000000e+00 0.000000000000000000e+00 0.000000000000000000e+00 1.211145687074479653e-05 0.000000000000000000e+00 2.105585184297210574e-02 0.000000000000000000e+00 2.984011886294743176e-06 0.000000000000000000e+00 2.807679162284855141e-04 0.000000000000000000e+00 7.755412653566444436e-02 0.000000000000000000e+00 2.073661145750264477e-04 0.000000000000000000e+00 0.000000000000000000e+00 0.000000000000000000e+00 3.051584837151545895e-02 0.000000000000000000e+00 0.000000000000000000e+00 0.000000000000000000e+00 0.000000000000000000e+00 0.000000000000000000e+00 3.165049779762060256e-01 2.405511632151408619e-01 3.133148025589405083e-01
6.500000000000000000e+03 0.000000000000000000e+00 0.000000000000000000e+00 0.000000000000000000e+00 0.000000000000000000e+00 0.000000000000000000e+00 1.211145687074479653e-05 0.000000000000000000e+00 2.105585184297210574e-02 0.000000000000000000e+00 2.984011886294743176e-06 0.000000000000000000e+00 2.807679162284855141e-04 0.000000000000000000e+00 7.755412653566443049e-02 0.000000000000000000e+00 2.073661145750264477e-04 0.000000000000000000e+00 0.000000000000000000e+00 0.000000000000000000e+00 3.051584837151545201e-02 0.000000000000000000e+00 0.000000000000000000e+00 0.000000000000000000e+00 0.000000000000000000e+00 0.000000000000000000e+00 3.165049779762060256e-01 2.405511632151408064e-01 3.133148025589405083e-01
6.800000000000000000e+03 0.000000000000000000e+00 0.000000000000000000e+00 0.000000000000000000e+00 0.000000000000000000e+00 0.000000000000000000e+00 1.211145687074479483e-05 0.000000000000000000e+00 2.105585184297210921e-02 0.000000000000000000e+00 2.984011886294743599e-06 0.000000000000000000e+00 2.807679162284855683e-04 0.000000000000000000e+00 7.755412653566443049e-02 0.000000000000000000e+00 2.073661145750264477e-04 0.000000000000000000e+00 0.000000000000000000e+00 0.000000000000000000e+00 3.051584837151545548e-02 0.000000000000000000e+00 0.000000000000000000e+00 0.000000000000000000e+00 0.000000000000000000e+00 0.000000000000000000e+00 3.165049779762059701e-01 2.405511632151408341e-01 3.133148025589405639e-01
7.100000000000000000e+03 0.000000000000000000e+00 0.000000000000000000e+00 0.000000000000000000e+00 0.000000000000000000e+00 0.000000000000000000e+00 5.941826922452778551e-06 0.000000000000000000e+00 1.407370167087407253e-02 0.000000000000000000e+00 2.099604567686363427e-06 0.000000000000000000e+00 4.008343939123241995e-03 0.000000000000000000e+00 2.905171514108050024e-02 0.000000000000000000e+00 1.067249706981223713e-03 0.000000000000000000e+00 0.000000000000000000e+00 0.000000000000000000e+00 2.785423865995169390e-02 0.000000000000000000e+00 0.000000000000000000e+00 0.000000000000000000e+00 0.000000000000000000e+00 0.000000000000000000e+00 1.692629553241028761e-01 2.814373008175727886e-01 4.732364533088236347e-01
7.400000000000000000e+03 0.000000000000000000e+00 0.000000000000000000e+00 0.000000000000000000e+00 0.000000000000000000e+00 0.000000000000000000e+00 5.941826922452776010e-06 0.000000000000000000e+00 1.407370167087406906e-02 0.000000000000000000e+00 2.099604567686363427e-06 0.000000000000000000e+00 4.008343939123241127e-03 0.000000000000000000e+00 2.905171514108049330e-02 0.000000000000000000e+00 1.067249706981223496e-03 0.000000000000000000e+00 0.000000000000000000e+00 0.000000000000000000e+00 2.785423865995168696e-02 0.000000000000000000e+00 0.000000000000000000e+00 0.000000000000000000e+00 0.000000000000000000e+00 0.000000000000000000e+00 1.692629553241028206e-01 2.814373008175727331e-01 4.732364533088235792e-01
7.700000000000000000e+03 0.000000000000000000e+00 0.000000000000000000e+00 0.000000000000000000e+00 0.000000000000000000e+00 0.000000000000000000e+00 5.941826922452776857e-06 0.000000000000000000e+00 1.407370167087406733e-02 0.000000000000000000e+00 2.099604567686362580e-06 0.000000000000000000e+00 4.008343939123241127e-03 0.000000000000000000e+00 2.905171514108049330e-02 0.000000000000000000e+00 1.067249706981223279e-03 0.000000000000000000e+00 0.000000000000000000e+00 0.000000000000000000e+00 2.785423865995168696e-02 0.000000000000000000e+00 0.000000000000000000e+00 0.000000000000000000e+00 0.000000000000000000e+00 0.000000000000000000e+00 1.692629553241028206e-01 2.814373008175727331e-01 4.732364533088235237e-01
8.000000000000000000e+03 0.000000000000000000e+00 0.000000000000000000e+00 0.000000000000000000e+00 0.000000000000000000e+00 0.000000000000000000e+00 5.941826922452776857e-06 0.000000000000000000e+00 1.407370167087406906e-02 0.000000000000000000e+00 2.099604567686363004e-06 0.000000000000000000e+00 4.008343939123241127e-03 0.000000000000000000e+00 2.905171514108048983e-02 0.000000000000000000e+00 1.067249706981223496e-03 0.000000000000000000e+00 0.000000000000000000e+00 0.000000000000000000e+00 2.785423865995168349e-02 0.000000000000000000e+00 0.000000000000000000e+00 0.000000000000000000e+00 0.000000000000000000e+00 0.000000000000000000e+00 1.692629553241028206e-01 2.814373008175727886e-01 4.732364533088235792e-01
8.300000000000000000e+03 0.000000000000000000e+00 0.000000000000000000e+00 0.000000000000000000e+00 0.000000000000000000e+00 0.000000000000000000e+00 5.941826922452776857e-06 0.000000000000000000e+00 1.407370167087406906e-02 0.000000000000000000e+00 2.099604567686363427e-06 0.000000000000000000e+00 4.008343939123241995e-03 0.000000000000000000e+00 2.905171514108048983e-02 0.000000000000000000e+00 1.067249706981223496e-03 0.000000000000000000e+00 0.000000000000000000e+00 0.000000000000000000e+00 2.785423865995169390e-02 0.000000000000000000e+00 0.000000000000000000e+00 0.000000000000000000e+00 0.000000000000000000e+00 0.000000000000000000e+00 1.692629553241027929e-01 2.814373008175727886e-01 4.732364533088236347e-01
8.600000000000000000e+03 0.000000000000000000e+00 0.000000000000000000e+00 0.000000000000000000e+00 0.000000000000000000e+00 0.000000000000000000e+00 5.941826922452776857e-06 0.000000000000000000e+00 1.407370167087406906e-02 0.000000000000000000e+00 2.099604567686363004e-06 0.000000000000000000e+00 4.008343939123240260e-03 0.000000000000000000e+00 2.905171514108049330e-02 0.000000000000000000e+00 1.067249706981223279e-03 0.000000000000000000e+00 0.000000000000000000e+00 0.000000000000000000e+00 2.785423865995169043e-02 0.000000000000000000e+00 0.000000000000000000e+00 0.000000000000000000e+00 0.000000000000000000e+00 0.000000000000000000e+00 1.692629553241028206e-01 2.814373008175727331e-01 4.732364533088235792e-01
8.900000000000000000e+03 0.000000000000000000e+00 0.000000000000000000e+00 0.000000000000000000e+00 0.000000000000000000e+00 0.000000000000000000e+00 5.941826922452776857e-06 0.000000000000000000e+00 1.407370167087406906e-02 0.000000000000000000e+00 2.099604567686363004e-06 0.000000000000000000e+00 4.008343939123240260e-03 0.000000000000000000e+00 2.905171514108049330e-02 0.000000000000000000e+00 1.067249706981223496e-03 0.000000000000000000e+00 0.000000000000000000e+00 0.000000000000000000e+00 2.785423865995168696e-02 0.000000000000000000e+00 0.000000000000000000e+00 0.000000000000000000e+00 0.000000000000000000e+00 0.000000000000000000e+00 1.692629553241028206e-01 2.814373008175726776e-01 4.732364533088235792e-01
9.200000000000000000e+03 0.000000000000000000e+00 0.000000000000000000e+00 0.000000000000000000e+00 0.000000000000000000e+00 0.000000000000000000e+00 5.941826922452776857e-06 0.000000000000000000e+00 1.407370167087406906e-02 0.000000000000000000e+00 2.099604567686363427e-06 0.000000000000000000e+00 4.008343939123240260e-03 0.000000000000000000e+00 2.905171514108048983e-02 0.000000000000000000e+00 1.067249706981223496e-03 0.000000000000000000e+00 0.000000000000000000e+00 0.000000000000000000e+00 2.785423865995169043e-02 0.000000000000000000e+00 0.000000000000000000e+00 0.000000000000000000e+00 0.000000000000000000e+00 0.000000000000000000e+00 1.692629553241028206e-01 2.814373008175727886e-01 4.732364533088235237e-01
9.500000000000000000e+03 0.000000000000000000e+00 0.000000000000000000e+00 0.000000000000000000e+00 0.000000000000000000e+00 0.000000000000000000e+00 5.941826922452776010e-06 0.000000000000000000e+00 1.407370167087406906e-02 0.000000000000000000e+00 2.099604567686363004e-06 0.000000000000000000e+00 4.008343939123240260e-03 0.000000000000000000e+00 2.905171514108049330e-02 0.000000000000000000e+00 1.067249706981223496e-03 0.000000000000000000e+00 0.000000000000000000e+00 0.000000000000000000e+00 2.785423865995168349e-02 0.000000000000000000e+00 0.000000000000000000e+00 0.000000000000000000e+00 0.000000000000000000e+00 0.000000000000000000e+00 1.692629553241028206e-01 2.814373008175727331e-01 4.732364533088235237e-01
9.800000000000000000e+03 0.000000000000000000e+00 0.000000000000000000e+00 0.000000000000000000e+00 0.000000000000000000e+00 0.000000000000000000e+00 5.941826922452775163e-06 0.000000000000000000e+00 1.407370167087406733e-02 0.000000000000000000e+00 2.099604567686363004e-06 0.000000000000000000e+00 4.008343939123241127e-03 0.000000000000000000e+00 2.905171514108048983e-02 0.000000000000000000e+00 1.067249706981223496e-03 0.000000000000000000e+00 0.000000000000000000e+00 0.000000000000000000e+00 2.785423865995168349e-02 0.000000000000000000e+00 0.000000000000000000e+00 0.000000000000000000e+00 0.000000000000000000e+00 0.000000000000000000e+00 1.692629553241028206e-01 2.814373008175727331e-01 4.732364533088235237e-01
1.010000000000000000e+04 0.000000000000000000e+00 0.000000000000000000e+00 0.000000000000000000e+00 0.000000000000000000e+00 0.000000000000000000e+00 5.617812225388253229e-06 0.000000000000000000e+00 9.803746523923394587e-03 0.000000000000000000e+00 1.319558010366211703e-06 0.000000000000000000e+00 4.149741118161447972e-01 0.000000000000000000e+00 2.074590798939164871e-01 0.000000000000000000e+00 1.828558942596580639e-01 0.000000000000000000e+00 0.000000000000000000e+00 0.000000000000000000e+00 2.646973588493945970e-02 0.000000000000000000e+00 0.000000000000000000e+00 0.000000000000000000e+00 0.000000000000000000e+00 0.000000000000000000e+00 9.037689601304410569e-02 4.160583979603132282e-02 2.644775844210686677e-02
1.040000000000000000e+04 0.000000000000000000e+00 0.000000000000000000e+00 0.000000000000000000e+00 0.000000000000000000e+00 0.000000000000000000e+00 5.617812225388251535e-06 0.000000000000000000e+00 9.803746523923391118e-03 0.000000000000000000e+00 1.319558010366211280e-06 0.000000000000000000e+00 4.149741118161446862e-01 0.000000000000000000e+00 2.074590798939164593e-01 0.000000000000000000e+00 1.828558942596580361e-01 0.000000000000000000e+00 0.000000000000000000e+00 0.000000000000000000e+00 2.646973588493945276e-02 0.000000000000000000e+00 0.000000000000000000e+00 0.000000000000000000e+00 0.000000000000000000e+00 0.000000000000000000e+00 9.037689601304407794e-02 4.160583979603131588e-02 2.644775844210686330e-02
1.070000000000000000e+04 0.000000000000000000e+00 0.000000000000000000e+00 0.000000000000000000e+00 0.000000000000000000e+00 0.000000000000000000e+00 5.617812225388253229e-06 0.000000000000000000e+00 9.803746523923392853e-03 0.000000000000000000e+00 1.319558010366211491e-06 0.000000000000000000e+00 4.149741118161447972e-01 0.000000000000000000e+00 2.074590798939164593e-01 0.000000000000000000e+00 1.828558942596580361e-01 0.000000000000000000e+00 0.000000000000000000e+00 0.000000000000000000e+00 2.646973588493945276e-02 0.000000000000000000e+00 0.000000000000000000e+00 0.000000000000000000e+00 0.000000000000000000e+00 0.000000000000000000e+00 9.037689601304407794e-02 4.160583979603131588e-02 2.644775844210686677e-02
1.100000000000000000e+04 0.000000000000000000e+00 0.000000000000000000e+00 0.000000000000000000e+00 0.000000000000000000e+00 0.000000000000000000e+00 5.617812225388250688e-06 0.000000000000000000e+00 9.803746523923389383e-03 0.000000000000000000e+00 1.319558010366211280e-06 0.000000000000000000e+00 4.149741118161446862e-01 0.000000000000000000e+00 2.074590798939164316e-01 0.000000000000000000e+00 1.828558942596580084e-01 0.000000000000000000e+00 0.000000000000000000e+00 0.000000000000000000e+00 2.646973588493944929e-02 0.000000000000000000e+00 0.000000000000000000e+00 0.000000000000000000e+00 0.000000000000000000e+00 0.000000000000000000e+00 9.037689601304406406e-02 4.160583979603131588e-02 2.644775844210685983e-02
1.130000000000000000e+04 0.000000000000000000e+00 0.000000000000000000e+00 0.000000000000000000e+00 0.000000000000000000e+00 0.000000000000000000e+00 5.617812225388253229e-06 0.000000000000000000e+00 9.803746523923392853e-03 0.000000000000000000e+00 1.319558010366211491e-06 0.000000000000000000e+00 4.149741118161446862e-01 0.000000000000000000e+00 2.074590798939164593e-01 0.000000000000000000e+00 1.828558942596580639e-01 0.000000000000000000e+00 0.000000000000000000e+00 0.000000000000000000e+00 2.646973588493944929e-02 0.000000000000000000e+00 0.000000000000000000e+00 0.000000000000000000e+00 0.000000000000000000e+00 0.000000000000000000e+00 9.037689601304409182e-02 4.160583979603132282e-02 2.644775844210686677e-02
1.160000000000000000e+04 0.000000000000000000e+00 0.000000000000000000e+00 0.000000000000000000e+00 0.000000000000000000e+00 0.000000000000000000e+00 5.617812225388254076e-06 0.000000000000000000e+00 9.803746523923392853e-03 0.000000000000000000e+00 1.319558010366211491e-06 0.000000000000000000e+00 4.149741118161447417e-01 0.000000000000000000e+00 2.074590798939164871e-01 0.000000000000000000e+00 1.828558942596580361e-01 0.000000000000000000e+00 0.000000000000000000e+00 0.000000000000000000e+00 2.646973588493945276e-02 0.000000000000000000e+00 0.000000000000000000e+00 0.000000000000000000e+00 0.000000000000000000e+00 0.000000000000000000e+00 9.037689601304409182e-02 4.160583979603132282e-02 2.644775844210686677e-02
1.190000000000000000e+04 0.000000000000000000e+00 0.000000000000000000e+00 0.000000000000000000e+00 0.000000000000000000e+00 0.000000000000000000e+00 5.617812225388252382e-06 0.000000000000000000e+00 9.803746523923392853e-03 0.000000000000000000e+00 1.319558010366211491e-06 0.000000000000000000e+00 4.149741118161447417e-01 0.000000000000000000e+00 2.074590798939164316e-01 0.000000000000000000e+00 1.828558942596580361e-01 0.000000000000000000e+00 0.000000000000000000e+00 0.000000000000000000e+00 2.646973588493944929e-02 0.000000000000000000e+00 0.000000000000000000e+00 0.000000000000000000e+00 0.000000000000000000e+00 0.000000000000000000e+00 9.037689601304407794e-02 4.160583979603131588e-02 2.644775844210685983e-02
1.220000000000000000e+04 0.000000000000000000e+00 0.000000000000000000e+00 0.000000000000000000e+00 0.000000000000000000e+00 0.000000000000000000e+00 5.617812225388252382e-06 0.000000000000000000e+00 9.803746523923389383e-03 0.000000000000000000e+00 1.319558010366211280e-06 0.000000000000000000e+00 4.149741118161446307e-01 0.000000000000000000e+00 2.074590798939164593e-01 0.000000000000000000e+00 1.828558942596579806e-01 0.000000000000000000e+00 0.000000000000000000e+00 0.000000000000000000e+00 2.646973588493944582e-02 0.000000000000000000e+00 0.000000000000000000e+00 0.000000000000000000e+00 0.000000000000000000e+00 0.000000000000000000e+00 9.037689601304406406e-02 4.160583979603131588e-02 2.644775844210685983e-02
1.250000000000000000e+04 0.000000000000000000e+00 0.000000000000000000e+00 0.000000000000000000e+00 0.000000000000000000e+00 0.000000000000000000e+00 5.617812225388250688e-06 0.000000000000000000e+00 9.803746523923391118e-03 0.000000000000000000e+00 1.319558010366211280e-06 0.000000000000000000e+00 4.149741118161445197e-01 0.000000000000000000e+00 2.074590798939164038e-01 0.000000000000000000e+00 1.828558942596579806e-01 0.000000000000000000e+00 0.000000000000000000e+00 0.000000000000000000e+00 2.646973588493944929e-02 0.000000000000000000e+00 0.000000000000000000e+00 0.000000000000000000e+00 0.000000000000000000e+00 0.000000000000000000e+00 9.037689601304406406e-02 4.160583979603130894e-02 2.644775844210685289e-02
1.280000000000000000e+04 0.000000000000000000e+00 0.000000000000000000e+00 0.000000000000000000e+00 0.000000000000000000e+00 0.000000000000000000e+00 5.617812225388253229e-06 0.000000000000000000e+00 9.803746523923391118e-03 0.000000000000000000e+00 1.319558010366211491e-06 0.000000000000000000e+00 4.149741118161446862e-01 0.000000000000000000e+00 2.074590798939164871e-01 0.000000000000000000e+00 1.828558942596580084e-01 0.000000000000000000e+00 0.000000000000000000e+00 0.000000000000000000e+00 2.646973588493945276e-02 0.000000000000000000e+00 0.000000000000000000e+00 0.000000000000000000e+00 0.000000000000000000e+00 0.000000000000000000e+00 9.037689601304407794e-02 4.160583979603131588e-02 2.644775844210685983e-02
1.310000000000000000e+04 0.000000000000000000e+00 0.000000000000000000e+00 0.000000000000000000e+00 0.000000000000000000e+00 0.000000000000000000e+00 8.918548349951754362e-06 0.000000000000000000e+00 8.475241718285642101e-01 0.000000000000000000e+00 7.369195666990330222e-07 0.000000000000000000e+00 4.324973254097950331e-02 0.000000000000000000e+00 1.025336967935449456e-01 0.000000000000000000e+00 2.647368744909088325e-05 0.000000000000000000e+00 0.000000000000000000e+00 0.000000000000000000e+00 1.270549423150388367e-03 0.000000000000000000e+00 0.000000000000000000e+00 0.000000000000000000e+00 0.000000000000000000e+00 0.000000000000000000e+00 2.053596980989110237e-03 1.363167379273669743e-03 1.968955898132519408e-03
1.340000000000000000e+04 0.000000000000000000e+00 0.000000000000000000e+00 0.000000000000000000e+00 0.000000000000000000e+00 0.000000000000000000e+00 8.918548349951752668e-06 0.000000000000000000e+00 8.475241718285639880e-01 0.000000000000000000e+00 7.369195666990328105e-07 0.000000000000000000e+00 4.324973254097948944e-02 0.000000000000000000e+00 1.025336967935449317e-01 0.000000000000000000e+00 2.647368744909087647e-05 0.000000000000000000e+00 0.000000000000000000e+00 0.000000000000000000e+00 1.270549423150388151e-03 0.000000000000000000e+00 0.000000000000000000e+00 0.000000000000000000e+00 0.000000000000000000e+00 0.000000000000000000e+00 2.053596980989109370e-03 1.363167379273669527e-03 1.968955898132518974e-03
1.370000000000000000e+04 0.000000000000000000e+00 0.000000000000000000e+00 0.000000000000000000e+00 0.000000000000000000e+00 0.000000000000000000e+00 8.918548349951756056e-06 0.000000000000000000e+00 8.475241718285640991e-01 0.000000000000000000e+00 7.369195666990330222e-07 0.000000000000000000e+00 4.324973254097950331e-02 0.000000000000000000e+00 1.025336967935449595e-01 0.000000000000000000e+00 2.647368744909087986e-05 0.000000000000000000e+00 0.000000000000000000e+00 0.000000000000000000e+00 1.270549423150388584e-03 0.000000000000000000e+00 0.000000000000000000e+00 0.000000000000000000e+00 0.000000000000000000e+00 0.000000000000000000e+00 2.053596980989110237e-03 1.363167379273669960e-03 1.968955898132519842e-03
1.400000000000000000e+04 0.000000000000000000e+00 0.000000000000000000e+00 0.000000000000000000e+00 0.000000000000000000e+00 0.000000000000000000e+00 8.918548349951756056e-06 0.000000000000000000e+00 8.475241718285643211e-01 0.000000000000000000e+00 7.369195666990330222e-07 0.000000000000000000e+00 4.324973254097950331e-02 0.000000000000000000e+00 1.025336967935449595e-01 0.000000000000000000e+00 2.647368744909088325e-05 0.000000000000000000e+00 0.000000000000000000e+00 0.000000000000000000e+00 1.270549423150388801e-03 0.000000000000000000e+00 0.000000000000000000e+00 0.000000000000000000e+00 0.000000000000000000e+00 0.000000000000000000e+00 2.053596980989110237e-03 1.363167379273669960e-03 1.968955898132519842e-03
1.430000000000000000e+04 0.000000000000000000e+00 0.000000000000000000e+00 0.000000000000000000e+00 0.000000000000000000e+00 0.000000000000000000e+00 8.918548349951756056e-06 0.000000000000000000e+00 8.475241718285642101e-01 0.000000000000000000e+00 7.369195666990331281e-07 0.000000000000000000e+00 4.324973254097949638e-02 0.000000000000000000e+00 1.025336967935449456e-01 0.000000000000000000e+00 2.647368744909088325e-05 0.000000000000000000e+00 0.000000000000000000e+00 0.000000000000000000e+00 1.270549423150388801e-03 0.000000000000000000e+00 0.000000000000000000e+00 0.000000000000000000e+00 0.000000000000000000e+00 0.000000000000000000e+00 2.053596980989109803e-03 1.363167379273669960e-03 1.968955898132518974e-03
1.460000000000000000e+04 0.000000000000000000e+00 0.000000000000000000e+00 0.000000000000000000e+00 0.000000000000000000e+00 0.000000000000000000e+00 8.918548349951756056e-06 0.000000000000000000e+00 8.475241718285642101e-01 0.000000000000000000e+00 7.369195666990330222e-07 0.000000000000000000e+00 4.324973254097950331e-02 0.000000000000000000e+00 1.025336967935449595e-01 0.000000000000000000e+00 2.647368744909087647e-05 0.000000000000000000e+00 0.000000000000000000e+00 0.000000000000000000e+00 1.270549423150388801e-03 0.000000000000000000e+00 0.000000000000000000e+00 0.000000000000000000e+00 0.000000000000000000e+00 0.000000000000000000e+00 2.053596980989109803e-03 1.363167379273669743e-03 1.968955898132518974e-03
1.490000000000000000e+04 0.000000000000000000e+00 0.000000000000000000e+00 0.000000000000000000e+00 0.000000000000000000e+00 0.000000000000000000e+00 8.918548349951754362e-06 0.000000000000000000e+00 8.475241718285640991e-01 0.000000000000000000e+00 7.369195666990329163e-07 0.000000000000000000e+00 4.324973254097949638e-02 0.000000000000000000e+00 1.025336967935449317e-01 0.000000000000000000e+00 2.647368744909087986e-05 0.000000000000000000e+00 0.000000000000000000e+00 0.000000000000000000e+00 1.270549423150388367e-03 0.000000000000000000e+00 0.000000000000000000e+00 0.000000000000000000e+00 0.000000000000000000e+00 0.000000000000000000e+00 2.053596980989109803e-03 1.363167379273669743e-03 1.968955898132519408e-03
1.520000000000000000e+04 0.000000000000000000e+00 0.000000000000000000e+00 0.000000000000000000e+00 0.000000000000000000e+00 0.000000000000000000e+00 8.918548349951754362e-06 0.000000000000000000e+00 8.475241718285642101e-01 0.000000000000000000e+00 7.369195666990330222e-07 0.000000000000000000e+00 4.324973254097950331e-02 0.000000000000000000e+00 1.025336967935449456e-01 0.000000000000000000e+00 2.647368744909087986e-05 0.000000000000000000e+00 0.000000000000000000e+00 0.000000000000000000e+00 1.270549423150388584e-03 0.000000000000000000e+00 0.000000000000000000e+00 0.000000000000000000e+00 0.000000000000000000e+00 0.000000000000000000e+00 2.053596980989109803e-03 1.363167379273669743e-03 1.968955898132519408e-03
1.550000000000000000e+04 0.000000000000000000e+00 0.000000000000000000e+00 0.000000000000000000e+00 0.000000000000000000e+00 0.000000000000000000e+00 8.918548349951754362e-06 0.000000000000000000e+00 8.475241718285642101e-01 0.000000000000000000e+00 7.369195666990330222e-07 0.000000000000000000e+00 4.324973254097949638e-02 0.000000000000000000e+00 1.025336967935449456e-01 0.000000000000000000e+00 2.647368744909087647e-05 0.000000000000000000e+00 0.000000000000000000e+00 0.000000000000000000e+00 1.270549423150388584e-03 0.000000000000000000e+00 0.000000000000000000e+00 0.000000000000000000e+00 0.000000000000000000e+00 0.000000000000000000e+00 2.053596980989109803e-03 1.363167379273669743e-03 1.968955898132518974e-03
1.580000000000000000e+04 0.000000000000000000e+00 0.000000000000000000e+00 0.000000000000000000e+00 0.000000000000000000e+00 0.000000000000000000e+00 8.918548349951754362e-06 0.000000000000000000e+00 8.475241718285642101e-01 0.000000000000000000e+00 7.369195666990330222e-07 0.000000000000000000e+00 4.324973254097950331e-02 0.000000000000000000e+00 1.025336967935449595e-01 0.000000000000000000e+00 2.647368744909087986e-05 0.000000000000000000e+00 0.000000000000000000e+00 0.000000000000000000e+00 1.270549423150388584e-03 0.000000000000000000e+00 0.000000000000000000e+00 0.000000000000000000e+00 0.000000000000000000e+00 0.000000000000000000e+00 2.053596980989109803e-03 1.363167379273669743e-03 1.968955898132519842e-03
1.610000000000000000e+04 0.000000000000000000e+00 0.000000000000000000e+00 0.000000000000000000e+00 0.000000000000000000e+00 0.000000000000000000e+00 8.918548349951754362e-06 0.000000000000000000e+00 8.475241718285639880e-01 0.000000000000000000e+00 7.369195666990329163e-07 0.000000000000000000e+00 4.324973254097950331e-02 0.000000000000000000e+00 1.025336967935449456e-01 0.000000000000000000e+00 2.647368744909088325e-05 0.000000000000000000e+00 0.000000000000000000e+00 0.000000000000000000e+00 1.270549423150388367e-03 0.000000000000000000e+00 0.000000000000000000e+00 0.000000000000000000e+00 0.000000000000000000e+00 0.000000000000000000e+00 2.053596980989109803e-03 1.363167379273669960e-03 1.968955898132519408e-03
1.640000000000000000e+04 0.000000000000000000e+00 0.000000000000000000e+00 0.000000000000000000e+00 0.000000000000000000e+00 0.000000000000000000e+00 8.918548349951756056e-06 0.000000000000000000e+00 8.475241718285642101e-01 0.000000000000000000e+00 7.369195666990330222e-07 0.000000000000000000e+00 4.324973254097950331e-02 0.000000000000000000e+00 1.025336967935449595e-01 0.000000000000000000e+00 2.647368744909088325e-05 0.000000000000000000e+00 0.000000000000000000e+00 0.000000000000000000e+00 1.270549423150388584e-03 0.000000000000000000e+00 0.000000000000000000e+00 0.000000000000000000e+00 0.000000000000000000e+00 0.000000000000000000e+00 2.053596980989109803e-03 1.363167379273669960e-03 1.968955898132518974e-03
1.670000000000000000e+04 0.000000000000000000e+00 0.000000000000000000e+00 0.000000000000000000e+00 0.000000000000000000e+00 0.000000000000000000e+00 8.918548349951756056e-06 0.000000000000000000e+00 8.475241718285642101e-01 0.000000000000000000e+00 7.369195666990331281e-07 0.000000000000000000e+00 4.324973254097950331e-02 0.000000000000000000e+00 1.025336967935449595e-01 0.000000000000000000e+00 2.647368744909088325e-05 0.000000000000000000e+00 0.000000000000000000e+00 0.000000000000000000e+00 1.270549423150388584e-03 0.000000000000000000e+00 0.000000000000000000e+00 0.000000000000000000e+00 0.000000000000000000e+00 0.000000000000000000e+00 2.053596980989110237e-03 1.363167379273669960e-03 1.968955898132519408e-03
1.700000000000000000e+04 0.000000000000000000e+00 0.000000000000000000e+00 0.000000000000000000e+00 0.000000000000000000e+00 0.000000000000000000e+00 2.017757962995144760e-01 0.000000000000000000e+00 5.810490442017107737e-01 0.000000000000000000e+00 9.041234021920664665e-02 0.000000000000000000e+00 1.142822096122627501e-01 0.000000000000000000e+00 1.823823574425019239e-04 0.000000000000000000e+00 1.581430306497802875e-04 0.000000000000000000e+00 0.000000000000000000e+00 0.000000000000000000e+00 2.811405200991003248e-03 0.000000000000000000e+00 0.000000000000000000e+00 0.000000000000000000e+00 0.000000000000000000e+00 0.000000000000000000e+00 5.681404143970150179e-03 5.360445977800142427e-04 3.111230336471837790e-03
1.730000000000000000e+04 0.000000000000000000e+00 0.000000000000000000e+00 0.000000000000000000e+00 0.000000000000000000e+00 0.000000000000000000e+00 2.017757962995145038e-01 0.000000000000000000e+00 5.810490442017108847e-01 0.000000000000000000e+00 9.041234021920663277e-02 0.000000000000000000e+00 1.142822096122627779e-01 0.000000000000000000e+00 1.823823574425019510e-04 0.000000000000000000e+00 1.581430306497803146e-04 0.000000000000000000e+00 0.000000000000000000e+00 0.000000000000000000e+00 2.811405200991002815e-03 0.000000000000000000e+00 0.000000000000000000e+00 0.000000000000000000e+00 0.000000000000000000e+00 0.000000000000000000e+00 5.681404143970151047e-03 5.360445977800142427e-04 3.111230336471838658e-03
1.760000000000000000e+04 0.000000000000000000e+00 0.000000000000000000e+00 0.000000000000000000e+00 0.000000000000000000e+00 0.000000000000000000e+00 2.017757962995144760e-01 0.000000000000000000e+00 5.810490442017107737e-01 0.000000000000000000e+00 9.041234021920661890e-02 0.000000000000000000e+00 1.142822096122627501e-01 0.000000000000000000e+00 1.823823574425019510e-04 0.000000000000000000e+00 1.581430306497802604e-04 0.000000000000000000e+00 0.000000000000000000e+00 0.000000000000000000e+00 2.811405200991002815e-03 0.000000000000000000e+00 0.000000000000000000e+00 0.000000000000000000e+00 0.000000000000000000e+00 0.000000000000000000e+00 5.681404143970150179e-03 5.360445977800142427e-04 3.111230336471837790e-03
1.790000000000000000e+04 0.000000000000000000e+00 0.000000000000000000e+00 0.000000000000000000e+00 0.000000000000000000e+00 0.000000000000000000e+00 2.017757962995145316e-01 0.000000000000000000e+00 5.810490442017108847e-01 0.000000000000000000e+00 9.041234021920664665e-02 0.000000000000000000e+00 1.142822096122627779e-01 0.000000000000000000e+00 1.823823574425019510e-04 0.000000000000000000e+00 1.581430306497803146e-04 0.000000000000000000e+00 0.000000000000000000e+00 0.000000000000000000e+00 2.811405200991003682e-03 0.000000000000000000e+00 0.000000000000000000e+00 0.000000000000000000e+00 0.000000000000000000e+00 0.000000000000000000e+00 5.681404143970151914e-03 5.360445977800143511e-04 3.111230336471838658e-03
1.820000000000000000e+04 0.000000000000000000e+00 0.000000000000000000e+00 0.000000000000000000e+00 0.000000000000000000e+00 0.000000000000000000e+00 2.017757962995145038e-01 0.000000000000000000e+00 5.810490442017108847e-01 0.000000000000000000e+00 9.041234021920664665e-02 0.000000000000000000e+00 1.142822096122627640e-01 0.000000000000000000e+00 1.823823574425019781e-04 0.000000000000000000e+00 1.581430306497803146e-04 0.000000000000000000e+00 0.000000000000000000e+00 0.000000000000000000e+00 2.811405200991003248e-03 0.000000000000000000e+00 0.000000000000000000e+00 0.000000000000000000e+00 0.000000000000000000e+00 0.000000000000000000e+00 5.681404143970151914e-03 5.360445977800143511e-04 3.111230336471837790e-03
1.850000000000000000e+04 0.000000000000000000e+00 0.000000000000000000e+00 0.000000000000000000e+00 0.000000000000000000e+00 0.000000000000000000e+00 2.017757962995144760e-01 0.000000000000000000e+00 5.810490442017107737e-01 0.000000000000000000e+00 9.041234021920663277e-02 0.000000000000000000e+00 1.142822096122627501e-01 0.000000000000000000e+00 1.823823574425019239e-04 0.000000000000000000e+00 1.581430306497802875e-04 0.000000000000000000e+00 0.000000000000000000e+00 0.000000000000000000e+00 2.811405200991002815e-03 0.000000000000000000e+00 0.000000000000000000e+00 0.000000000000000000e+00 0.000000000000000000e+00 0.000000000000000000e+00 5.681404143970150179e-03 5.360445977800142427e-04 3.111230336471838224e-03
1.880000000000000000e+04 0.000000000000000000e+00 0.000000000000000000e+00 0.000000000000000000e+00 0.000000000000000000e+00 0.000000000000000000e+00 2.017757962995144483e-01 0.000000000000000000e+00 5.810490442017108847e-01 0.000000000000000000e+00 9.041234021920661890e-02 0.000000000000000000e+00 1.142822096122627640e-01 0.000000000000000000e+00 1.823823574425019239e-04 0.000000000000000000e+00 1.581430306497802604e-04 0.000000000000000000e+00 0.000000000000000000e+00 0.000000000000000000e+00 2.811405200991002815e-03 0.000000000000000000e+00 0.000000000000000000e+00 0.000000000000000000e+00 0.000000000000000000e+00 0.000000000000000000e+00 5.681404143970150179e-03 5.360445977800142427e-04 3.111230336471838224e-03
1.910000000000000000e+04 0.000000000000000000e+00 0.000000000000000000e+00 0.000000000000000000e+00 0.000000000000000000e+00 0.000000000000000000e+00 2.017757962995145038e-01 0.000000000000000000e+00 5.810490442017108847e-01 0.000000000000000000e+00 9.041234021920663277e-02 0.000000000000000000e+00 1.142822096122627779e-01 0.000000000000000000e+00 1.823823574425019781e-04 0.000000000000000000e+00 1.581430306497802875e-04 0.000000000000000000e+00 0.000000000000000000e+00 0.000000000000000000e+00 2.811405200991003248e-03 0.000000000000000000e+00 0.000000000000000000e+00 0.000000000000000000e+00 0.000000000000000000e+00 0.000000000000000000e+00 5.681404143970151047e-03 5.360445977800143511e-04 3.111230336471837790e-03
1.940000000000000000e+04 0.000000000000000000e+00 0.000000000000000000e+00 0.000000000000000000e+00 0.000000000000000000e+00 0.000000000000000000e+00 2.017757962995144760e-01 0.000000000000000000e+00 5.810490442017108847e-01 0.000000000000000000e+00 9.041234021920664665e-02 0.000000000000000000e+00 1.142822096122627640e-01 0.000000000000000000e+00 1.823823574425019781e-04 0.000000000000000000e+00 1.581430306497803146e-04 0.000000000000000000e+00 0.000000000000000000e+00 0.000000000000000000e+00 2.811405200991002815e-03 0.000000000000000000e+00 0.000000000000000000e+00 0.000000000000000000e+00 0.000000000000000000e+00 0.000000000000000000e+00 5.681404143970151914e-03 5.360445977800143511e-04 3.111230336471838224e-03
1.970000000000000000e+04 0.000000000000000000e+00 0.000000000000000000e+00 0.000000000000000000e+00 0.000000000000000000e+00 0.000000000000000000e+00 2.017757962995145038e-01 0.000000000000000000e+00 5.810490442017107737e-01 0.000000000000000000e+00 9.041234021920663277e-02 0.000000000000000000e+00 1.142822096122627501e-01 0.000000000000000000e+00 1.823823574425019239e-04 0.000000000000000000e+00 1.581430306497802604e-04 0.000000000000000000e+00 0.000000000000000000e+00 0.000000000000000000e+00 2.811405200991002815e-03 0.000000000000000000e+00 0.000000000000000000e+00 0.000000000000000000e+00 0.000000000000000000e+00 0.000000000000000000e+00 5.681404143970150179e-03 5.360445977800142427e-04 3.111230336471838224e-03
