3.500000000000000000e+03 0.000000000000000000e+00 0.000000000000000000e+00 0.000000000000000000e+00 0.000000000000000000e+00 0.000000000000000000e+00 1.198279754635686097e-05 0.000000000000000000e+00 2.082458430950110198e-02 0.000000000000000000e+00 2.854770278130547830e-06 0.000000000000000000e+00 2.720011433047116981e-04 0.000000000000000000e+00 6.975573241095348043e-02 0.000000000000000000e+00 2.094479358684456216e-04 0.000000000000000000e+00 0.000000000000000000e+00 0.000000000000000000e+00 2.998797258954728415e-02 0.000000000000000000e+00 0.000000000000000000e+00 0.000000000000000000e+00 0.000000000000000000e+00 0.000000000000000000e+00 3.386473364524912322e-01 2.196301690771748638e-01 3.206579185133343612e-01
3.800000000000000000e+03 0.000000000000000000e+00 0.000000000000000000e+00 0.000000000000000000e+00 0.000000000000000000e+00 0.000000000000000000e+00 1.198279754635686097e-05 0.000000000000000000e+00 2.082458430950110198e-02 0.000000000000000000e+00 2.854770278130548253e-06 0.000000000000000000e+00 2.720011433047116981e-04 0.000000000000000000e+00 6.975573241095348043e-02 0.000000000000000000e+00 2.094479358684456487e-04 0.000000000000000000e+00 0.000000000000000000e+00 0.000000000000000000e+00 2.998797258954728762e-02 0.000000000000000000e+00 0.000000000000000000e+00 0.000000000000000000e+00 0.000000000000000000e+00 0.000000000000000000e+00 3.386473364524912877e-01 2.196301690771748361e-01 3.206579185133343612e-01
4.100000000000000000e+03 0.000000000000000000e+00 0.000000000000000000e+00 0.000000000000000000e+00 0.000000000000000000e+00 0.000000000000000000e+00 1.198279754635686267e-05 0.000000000000000000e+00 2.082458430950110198e-02 0.000000000000000000e+00 2.854770278130548677e-06 0.000000000000000000e+00 2.720011433047117523e-04 0.000000000000000000e+00 6.975573241095348043e-02 0.000000000000000000e+00 2.094479358684456758e-04 0.000000000000000000e+00 0.000000000000000000e+00 0.000000000000000000e+00 2.998797258954728415e-02 0.000000000000000000e+00 0.000000000000000000e+00 0.000000000000000000e+00 0.000000000000000000e+00 0.000000000000000000e+00 3.386473364524912877e-01 2.196301690771748361e-01 3.206579185133343612e-01
4.400000000000000000e+03 0.000000000000000000e+00 0.000000000000000000e+00 0.000000000000000000e+00 0.000000000000000000e+00 0.000000000000000000e+00 1.198279754635686436e-05 0.000000000000000000e+00 2.082458430950110198e-02 0.000000000000000000e+00 2.854770278130548677e-06 0.000000000000000000e+00 2.720011433047117523e-04 0.000000000000000000e+00 6.975573241095349430e-02 0.000000000000000000e+00 2.094479358684456758e-04 0.000000000000000000e+00 0.000000000000000000e+00 0.000000000000000000e+00 2.998797258954728762e-02 0.000000000000000000e+00 0.000000000000000000e+00 0.000000000000000000e+00 0.000000000000000000e+00 0.000000000000000000e+00 3.386473364524912877e-01 2.196301690771748361e-01 3.206579185133343612e-01
4.700000000000000000e+03 0.000000000000000000e+00 0.000000000000000000e+00 0.000000000000000000e+00 0.000000000000000000e+00 0.000000000000000000e+00 1.198279754635686097e-05 0.000000000000000000e+00 2.082458430950110198e-02 0.000000000000000000e+00 2.854770278130548677e-06 0.000000000000000000e+00 2.720011433047117523e-04 0.000000000000000000e+00 6.975573241095348043e-02 0.000000000000000000e+00 2.094479358684456487e-04 0.000000000000000000e+00 0.000000000000000000e+00 0.000000000000000000e+00 2.998797258954728762e-02 0.000000000000000000e+00 0.000000000000000000e+00 0.000000000000000000e+00 0.000000000000000000e+00 0.000000000000000000e+00 3.386473364524912877e-01 2.196301690771748361e-01 3.206579185133343057e-01
5.000000000000000000e+03 0.000000000000000000e+00 0.000000000000000000e+00 0.000000000000000000e+00 0.000000000000000000e+00 0.000000000000000000e+00 1.198279754635686436e-05 0.000000000000000000e+00 2.082458430950110545e-02 0.000000000000000000e+00 2.854770278130548677e-06 0.000000000000000000e+00 2.720011433047117523e-04 0.000000000000000000e+00 6.975573241095348043e-02 0.000000000000000000e+00 2.094479358684456487e-04 0.000000000000000000e+00 0.000000000000000000e+00 0.000000000000000000e+00 2.998797258954728415e-02 0.000000000000000000e+00 0.000000000000000000e+00 0.000000000000000000e+00 0.000000000000000000e+00 0.000000000000000000e+00 3.386473364524912877e-01 2.196301690771748361e-01 3.206579185133343057e-01
5.300000000000000000e+03 0.000000000000000000e+00 0.000000000000000000e+00 0.000000000000000000e+00 0.000000000000000000e+00 0.000000000000000000e+00 1.198279754635686436e-05 0.000000000000000000e+00 2.082458430950110545e-02 0.000000000000000000e+00 2.854770278130549100e-06 0.000000000000000000e+00 2.720011433047117523e-04 0.000000000000000000e+00 6.975573241095348043e-02 0.000000000000000000e+00 2.094479358684456758e-04 0.000000000000000000e+00 0.000000000000000000e+00 0.000000000000000000e+00 2.998797258954729109e-02 0.000000000000000000e+00 0.000000000000000000e+00 0.000000000000000000e+00 0.000000000000000000e+00 0.000000000000000000e+00 3.386473364524913432e-01 2.196301690771748638e-01 3.206579185133343612e-01
5.600000000000000000e+03 0.000000000000000000e+00 0.000000000000000000e+00 0.000000000000000000e+00 0.000000000000000000e+00 0.000000000000000000e+00 1.198279754635686605e-05 0.000000000000000000e+00 2.082458430950110545e-02 0.000000000000000000e+00 2.854770278130548677e-06 0.000000000000000000e+00 2.720011433047116981e-04 0.000000000000000000e+00 6.975573241095349430e-02 0.000000000000000000e+00 2.094479358684456487e-04 0.000000000000000000e+00 0.000000000000000000e+00 0.000000000000000000e+00 2.998797258954728415e-02 0.000000000000000000e+00 0.000000000000000000e+00 0.000000000000000000e+00 0.000000000000000000e+00 0.000000000000000000e+00 3.386473364524912322e-01 2.196301690771748361e-01 3.206579185133343612e-01
5.900000000000000000e+03 0.000000000000000000e+00 0.000000000000000000e+00 0.000000000000000000e+00 0.000000000000000000e+00 0.000000000000000000e+00 1.198279754635686436e-05 0.000000000000000000e+00 2.082458430950110198e-02 0.000000000000000000e+00 2.854770278130548677e-06 0.000000000000000000e+00 2.720011433047117523e-04 0.000000000000000000e+00 6.975573241095348043e-02 0.000000000000000000e+00 2.094479358684456758e-04 0.000000000000000000e+00 0.000000000000000000e+00 0.000000000000000000e+00 2.998797258954728415e-02 0.000000000000000000e+00 0.000000000000000000e+00 0.000000000000000000e+00 0.000000000000000000e+00 0.000000000000000000e+00 3.386473364524912877e-01 2.196301690771748083e-01 3.206579185133343612e-01
6.200000000000000000e+03 0.000000000000000000e+00 0.000000000000000000e+00 0.000000000000000000e+00 0.000000000000000000e+00 0.000000000000000000e+00 1.198279754635686267e-05 0.000000000000000000e+00 2.082458430950110198e-02 0.000000000000000000e+00 2.854770278130549100e-06 0.000000000000000000e+00 2.720011433047116981e-04 0.000000000000000000e+00 6.975573241095348043e-02 0.000000000000000000e+00 2.094479358684457030e-04 0.000000000000000000e+00 0.000000000000000000e+00 0.000000000000000000e+00 2.998797258954728762e-02 0.000000000000000000e+00 0.000000000000000000e+00 0.000000000000000000e+00 0.000000000000000000e+00 0.000000000000000000e+00 3.386473364524912877e-01 2.196301690771748361e-01 3.206579185133343612e-01
6.500000000000000000e+03 0.000000000000000000e+00 0.000000000000000000e+00 0.000000000000000000e+00 0.000000000000000000e+00 0.000000000000000000e+00 1.198279754635686267e-05 0.000000000000000000e+00 2.082458430950110198e-02 0.000000000000000000e+00 2.854770278130547830e-06 0.000000000000000000e+00 2.720011433047116981e-04 0.000000000000000000e+00 6.975573241095346655e-02 0.000000000000000000e+00 2.094479358684456758e-04 0.000000000000000000e+00 0.000000000000000000e+00 0.000000000000000000e+00 2.998797258954728415e-02 0.000000000000000000e+00 0.000000000000000000e+00 0.000000000000000000e+00 0.000000000000000000e+00 0.000000000000000000e+00 3.386473364524912322e-01 2.196301690771748083e-01 3.206579185133343612e-01
6.800000000000000000e+03 0.000000000000000000e+00 0.000000000000000000e+00 0.000000000000000000e+00 0.000000000000000000e+00 0.000000000000000000e+00 1.198279754635686267e-05 0.000000000000000000e+00 2.082458430950110198e-02 0.000000000000000000e+00 2.854770278130547830e-06 0.000000000000000000e+00 2.720011433047116439e-04 0.000000000000000000e+00 6.975573241095346655e-02 0.000000000000000000e+00 2.094479358684455945e-04 0.000000000000000000e+00 0.000000000000000000e+00 0.000000000000000000e+00 2.998797258954728415e-02 0.000000000000000000e+00 0.000000000000000000e+00 0.000000000000000000e+00 0.000000000000000000e+00 0.000000000000000000e+00 3.386473364524912322e-01 2.196301690771748083e-01 3.206579185133343612e-01
7.100000000000000000e+03 0.000000000000000000e+00 0.000000000000000000e+00 0.000000000000000000e+00 0.000000000000000000e+00 0.000000000000000000e+00 6.345893481133229869e-06 0.000000000000000000e+00 1.545436981651256841e-02 0.000000000000000000e+00 1.974613292931919256e-06 0.000000000000000000e+00 3.602011570056835518e-03 0.000000000000000000e+00 2.511936855824131037e-02 0.000000000000000000e+00 1.006431743682177160e-03 0.000000000000000000e+00 0.000000000000000000e+00 0.000000000000000000e+00 3.951193208560403042e-02 0.000000000000000000e+00 0.000000000000000000e+00 0.000000000000000000e+00 0.000000000000000000e+00 0.000000000000000000e+00 1.346727957729874914e-01 1.758244266027094438e-01 6.048003433434321341e-01
7.400000000000000000e+03 0.000000000000000000e+00 0.000000000000000000e+00 0.000000000000000000e+00 0.000000000000000000e+00 0.000000000000000000e+00 6.345893481133229869e-06 0.000000000000000000e+00 1.545436981651257015e-02 0.000000000000000000e+00 1.974613292931920103e-06 0.000000000000000000e+00 3.602011570056835952e-03 0.000000000000000000e+00 2.511936855824131037e-02 0.000000000000000000e+00 1.006431743682177160e-03 0.000000000000000000e+00 0.000000000000000000e+00 0.000000000000000000e+00 3.951193208560403042e-02 0.000000000000000000e+00 0.000000000000000000e+00 0.000000000000000000e+00 0.000000000000000000e+00 0.000000000000000000e+00 1.346727957729874914e-01 1.758244266027094438e-01 6.048003433434320231e-01
7.700000000000000000e+03 0.000000000000000000e+00 0.000000000000000000e+00 0.000000000000000000e+00 0.000000000000000000e+00 0.000000000000000000e+00 6.345893481133229869e-06 0.000000000000000000e+00 1.545436981651256841e-02 0.000000000000000000e+00 1.974613292931919679e-06 0.000000000000000000e+00 3.602011570056835518e-03 0.000000000000000000e+00 2.511936855824131037e-02 0.000000000000000000e+00 1.006431743682177160e-03 0.000000000000000000e+00 0.000000000000000000e+00 0.000000000000000000e+00 3.951193208560402348e-02 0.000000000000000000e+00 0.000000000000000000e+00 0.000000000000000000e+00 0.000000000000000000e+00 0.000000000000000000e+00 1.346727957729874914e-01 1.758244266027094160e-01 6.048003433434321341e-01
8.000000000000000000e+03 0.000000000000000000e+00 0.000000000000000000e+00 0.000000000000000000e+00 0.000000000000000000e+00 0.000000000000000000e+00 6.345893481133229869e-06 0.000000000000000000e+00 1.545436981651256841e-02 0.000000000000000000e+00 1.974613292931919679e-06 0.000000000000000000e+00 3.602011570056835085e-03 0.000000000000000000e+00 2.511936855824130690e-02 0.000000000000000000e+00 1.006431743682176944e-03 0.000000000000000000e+00 0.000000000000000000e+00 0.000000000000000000e+00 3.951193208560402348e-02 0.000000000000000000e+00 0.000000000000000000e+00 0.000000000000000000e+00 0.000000000000000000e+00 0.000000000000000000e+00 1.346727957729874914e-01 1.758244266027094160e-01 6.048003433434320231e-01
8.300000000000000000e+03 0.000000000000000000e+00 0.000000000000000000e+00 0.000000000000000000e+00 0.000000000000000000e+00 0.000000000000000000e+00 6.345893481133231563e-06 0.000000000000000000e+00 1.545436981651257188e-02 0.000000000000000000e+00 1.974613292931920103e-06 0.000000000000000000e+00 3.602011570056835518e-03 0.000000000000000000e+00 2.511936855824131384e-02 0.000000000000000000e+00 1.006431743682177160e-03 0.000000000000000000e+00 0.000000000000000000e+00 0.000000000000000000e+00 3.951193208560403042e-02 0.000000000000000000e+00 0.000000000000000000e+00 0.000000000000000000e+00 0.000000000000000000e+00 0.000000000000000000e+00 1.346727957729874914e-01 1.758244266027094715e-01 6.048003433434321341e-01
8.600000000000000000e+03 0.000000000000000000e+00 0.000000000000000000e+00 0.000000000000000000e+00 0.000000000000000000e+00 0.000000000000000000e+00 6.345893481133230716e-06 0.000000000000000000e+00 1.545436981651257015e-02 0.000000000000000000e+00 1.974613292931919679e-06 0.000000000000000000e+00 3.602011570056835518e-03 0.000000000000000000e+00 2.511936855824131384e-02 0.000000000000000000e+00 1.006431743682177160e-03 0.000000000000000000e+00 0.000000000000000000e+00 0.000000000000000000e+00 3.951193208560403042e-02 0.000000000000000000e+00 0.000000000000000000e+00 0.000000000000000000e+00 0.000000000000000000e+00 0.000000000000000000e+00 1.346727957729875191e-01 1.758244266027094160e-01 6.048003433434321341e-01
8.900000000000000000e+03 0.000000000000000000e+00 0.000000000000000000e+00 0.000000000000000000e+00 0.000000000000000000e+00 0.000000000000000000e+00 6.345893481133230716e-06 0.000000000000000000e+00 1.545436981651257015e-02 0.000000000000000000e+00 1.974613292931919679e-06 0.000000000000000000e+00 3.602011570056835952e-03 0.000000000000000000e+00 2.511936855824131384e-02 0.000000000000000000e+00 1.006431743682177160e-03 0.000000000000000000e+00 0.000000000000000000e+00 0.000000000000000000e+00 3.951193208560403736e-02 0.000000000000000000e+00 0.000000000000000000e+00 0.000000000000000000e+00 0.000000000000000000e+00 0.000000000000000000e+00 1.346727957729874914e-01 1.758244266027094438e-01 6.048003433434321341e-01
9.200000000000000000e+03 0.000000000000000000e+00 0.000000000000000000e+00 0.000000000000000000e+00 0.000000000000000000e+00 0.000000000000000000e+00 6.345893481133229021e-06 0.000000000000000000e+00 1.545436981651256668e-02 0.000000000000000000e+00 1.974613292931919256e-06 0.000000000000000000e+00 3.602011570056834651e-03 0.000000000000000000e+00 2.511936855824130690e-02 0.000000000000000000e+00 1.006431743682176727e-03 0.000000000000000000e+00 0.000000000000000000e+00 0.000000000000000000e+00 3.951193208560401654e-02 0.000000000000000000e+00 0.000000000000000000e+00 0.000000000000000000e+00 0.000000000000000000e+00 0.000000000000000000e+00 1.346727957729874636e-01 1.758244266027094160e-01 6.048003433434321341e-01
9.500000000000000000e+03 0.000000000000000000e+00 0.000000000000000000e+00 0.000000000000000000e+00 0.000000000000000000e+00 0.000000000000000000e+00 6.345893481133230716e-06 0.000000000000000000e+00 1.545436981651257015e-02 0.000000000000000000e+00 1.974613292931919256e-06 0.000000000000000000e+00 3.602011570056835518e-03 0.000000000000000000e+00 2.511936855824131037e-02 0.000000000000000000e+00 1.006431743682177160e-03 0.000000000000000000e+00 0.000000000000000000e+00 0.000000000000000000e+00 3.951193208560403042e-02 0.000000000000000000e+00 0.000000000000000000e+00 0.000000000000000000e+00 0.000000000000000000e+00 0.000000000000000000e+00 1.346727957729875191e-01 1.758244266027094438e-01 6.048003433434320231e-01
9.800000000000000000e+03 0.000000000000000000e+00 0.000000000000000000e+00 0.000000000000000000e+00 0.000000000000000000e+00 0.000000000000000000e+00 6.345893481133230716e-06 0.000000000000000000e+00 1.545436981651257015e-02 0.000000000000000000e+00 1.974613292931919679e-06 0.000000000000000000e+00 3.602011570056835518e-03 0.000000000000000000e+00 2.511936855824131384e-02 0.000000000000000000e+00 1.006431743682177160e-03 0.000000000000000000e+00 0.000000000000000000e+00 0.000000000000000000e+00 3.951193208560403042e-02 0.000000000000000000e+00 0.000000000000000000e+00 0.000000000000000000e+00 0.000000000000000000e+00 0.000000000000000000e+00 1.346727957729874914e-01 1.758244266027094438e-01 6.048003433434321341e-01
1.010000000000000000e+04 0.000000000000000000e+00 0.000000000000000000e+00 0.000000000000000000e+00 0.000000000000000000e+00 0.000000000000000000e+00 3.620058163621449265e-06 0.000000000000000000e+00 4.937310742780129380e-03 0.000000000000000000e+00 7.567799414598212342e-07 0.000000000000000000e+00 2.237257428398886361e-01 0.000000000000000000e+00 5.013666047744178567e-01 0.000000000000000000e+00 1.578521179771551486e-01 0.000000000000000000e+00 0.000000000000000000e+00 0.000000000000000000e+00 4.330517561786254715e-02 0.000000000000000000e+00 0.000000000000000000e+00 0.000000000000000000e+00 0.000000000000000000e+00 0.000000000000000000e+00 3.585031372322245585e-02 2.808161304729493019e-02 4.876744439273051658e-03
1.040000000000000000e+04 0.000000000000000000e+00 0.000000000000000000e+00 0.000000000000000000e+00 0.000000000000000000e+00 0.000000000000000000e+00 3.620058163621450112e-06 0.000000000000000000e+00 4.937310742780129380e-03 0.000000000000000000e+00 7.567799414598213401e-07 0.000000000000000000e+00 2.237257428398886361e-01 0.000000000000000000e+00 5.013666047744179677e-01 0.000000000000000000e+00 1.578521179771551486e-01 0.000000000000000000e+00 0.000000000000000000e+00 0.000000000000000000e+00 4.330517561786256103e-02 0.000000000000000000e+00 0.000000000000000000e+00 0.000000000000000000e+00 0.000000000000000000e+00 0.000000000000000000e+00 3.585031372322246973e-02 2.808161304729493019e-02 4.876744439273052525e-03
1.070000000000000000e+04 0.000000000000000000e+00 0.000000000000000000e+00 0.000000000000000000e+00 0.000000000000000000e+00 0.000000000000000000e+00 3.620058163621450959e-06 0.000000000000000000e+00 4.937310742780130247e-03 0.000000000000000000e+00 7.567799414598213401e-07 0.000000000000000000e+00 2.237257428398886638e-01 0.000000000000000000e+00 5.013666047744180787e-01 0.000000000000000000e+00 1.578521179771551486e-01 0.000000000000000000e+00 0.000000000000000000e+00 0.000000000000000000e+00 4.330517561786256103e-02 0.000000000000000000e+00 0.000000000000000000e+00 0.000000000000000000e+00 0.000000000000000000e+00 0.000000000000000000e+00 3.585031372322246973e-02 2.808161304729493712e-02 4.876744439273053393e-03
1.100000000000000000e+04 0.000000000000000000e+00 0.000000000000000000e+00 0.000000000000000000e+00 0.000000000000000000e+00 0.000000000000000000e+00 3.620058163621450535e-06 0.000000000000000000e+00 4.937310742780129380e-03 0.000000000000000000e+00 7.567799414598211283e-07 0.000000000000000000e+00 2.237257428398886361e-01 0.000000000000000000e+00 5.013666047744179677e-01 0.000000000000000000e+00 1.578521179771551486e-01 0.000000000000000000e+00 0.000000000000000000e+00 0.000000000000000000e+00 4.330517561786255409e-02 0.000000000000000000e+00 0.000000000000000000e+00 0.000000000000000000e+00 0.000000000000000000e+00 0.000000000000000000e+00 3.585031372322246279e-02 2.808161304729493019e-02 4.876744439273052525e-03
1.130000000000000000e+04 0.000000000000000000e+00 0.000000000000000000e+00 0.000000000000000000e+00 0.000000000000000000e+00 0.000000000000000000e+00 3.620058163621450112e-06 0.000000000000000000e+00 4.937310742780130247e-03 0.000000000000000000e+00 7.567799414598213401e-07 0.000000000000000000e+00 2.237257428398886638e-01 0.000000000000000000e+00 5.013666047744179677e-01 0.000000000000000000e+00 1.578521179771551763e-01 0.000000000000000000e+00 0.000000000000000000e+00 0.000000000000000000e+00 4.330517561786255409e-02 0.000000000000000000e+00 0.000000000000000000e+00 0.000000000000000000e+00 0.000000000000000000e+00 0.000000000000000000e+00 3.585031372322246973e-02 2.808161304729493365e-02 4.876744439273051658e-03
1.160000000000000000e+04 0.000000000000000000e+00 0.000000000000000000e+00 0.000000000000000000e+00 0.000000000000000000e+00 0.000000000000000000e+00 3.620058163621450112e-06 0.000000000000000000e+00 4.937310742780130247e-03 0.000000000000000000e+00 7.567799414598212342e-07 0.000000000000000000e+00 2.237257428398886638e-01 0.000000000000000000e+00 5.013666047744179677e-01 0.000000000000000000e+00 1.578521179771551486e-01 0.000000000000000000e+00 0.000000000000000000e+00 0.000000000000000000e+00 4.330517561786254715e-02 0.000000000000000000e+00 0.000000000000000000e+00 0.000000000000000000e+00 0.000000000000000000e+00 0.000000000000000000e+00 3.585031372322246973e-02 2.808161304729493019e-02 4.876744439273052525e-03
1.190000000000000000e+04 0.000000000000000000e+00 0.000000000000000000e+00 0.000000000000000000e+00 0.000000000000000000e+00 0.000000000000000000e+00 3.620058163621449688e-06 0.000000000000000000e+00 4.937310742780128513e-03 0.000000000000000000e+00 7.567799414598211283e-07 0.000000000000000000e+00 2.237257428398886083e-01 0.000000000000000000e+00 5.013666047744179677e-01 0.000000000000000000e+00 1.578521179771551208e-01 0.000000000000000000e+00 0.000000000000000000e+00 0.000000000000000000e+00 4.330517561786254715e-02 0.000000000000000000e+00 0.000000000000000000e+00 0.000000000000000000e+00 0.000000000000000000e+00 0.000000000000000000e+00 3.585031372322246279e-02 2.808161304729492672e-02 4.876744439273050791e-03
1.220000000000000000e+04 0.000000000000000000e+00 0.000000000000000000e+00 0.000000000000000000e+00 0.000000000000000000e+00 0.000000000000000000e+00 3.620058163621450112e-06 0.000000000000000000e+00 4.937310742780130247e-03 0.000000000000000000e+00 7.567799414598212342e-07 0.000000000000000000e+00 2.237257428398886083e-01 0.000000000000000000e+00 5.013666047744179677e-01 0.000000000000000000e+00 1.578521179771551486e-01 0.000000000000000000e+00 0.000000000000000000e+00 0.000000000000000000e+00 4.330517561786255409e-02 0.000000000000000000e+00 0.000000000000000000e+00 0.000000000000000000e+00 0.000000000000000000e+00 0.000000000000000000e+00 3.585031372322246279e-02 2.808161304729493365e-02 4.876744439273051658e-03
1.250000000000000000e+04 0.000000000000000000e+00 0.000000000000000000e+00 0.000000000000000000e+00 0.000000000000000000e+00 0.000000000000000000e+00 3.620058163621450535e-06 0.000000000000000000e+00 4.937310742780130247e-03 0.000000000000000000e+00 7.567799414598213401e-07 0.000000000000000000e+00 2.237257428398886638e-01 0.000000000000000000e+00 5.013666047744179677e-01 0.000000000000000000e+00 1.578521179771551486e-01 0.000000000000000000e+00 0.000000000000000000e+00 0.000000000000000000e+00 4.330517561786255409e-02 0.000000000000000000e+00 0.000000000000000000e+00 0.000000000000000000e+00 0.000000000000000000e+00 0.000000000000000000e+00 3.585031372322246973e-02 2.808161304729493365e-02 4.876744439273051658e-03
1.280000000000000000e+04 0.000000000000000000e+00 0.000000000000000000e+00 0.000000000000000000e+00 0.000000000000000000e+00 0.000000000000000000e+00 3.620058163621450112e-06 0.000000000000000000e+00 4.937310742780129380e-03 0.000000000000000000e+00 7.567799414598212342e-07 0.000000000000000000e+00 2.237257428398886638e-01 0.000000000000000000e+00 5.013666047744179677e-01 0.000000000000000000e+00 1.578521179771551486e-01 0.000000000000000000e+00 0.000000000000000000e+00 0.000000000000000000e+00 4.330517561786254715e-02 0.000000000000000000e+00 0.000000000000000000e+00 0.000000000000000000e+00 0.000000000000000000e+00 0.000000000000000000e+00 3.585031372322246279e-02 2.808161304729493019e-02 4.876744439273051658e-03
1.310000000000000000e+04 0.000000000000000000e+00 0.000000000000000000e+00 0.000000000000000000e+00 0.000000000000000000e+00 0.000000000000000000e+00 5.515505337559943147e-06 0.000000000000000000e+00 8.897796462450657806e-01 0.000000000000000000e+00 5.742811331374465658e-07 0.000000000000000000e+00 2.849306654948134676e-02 0.000000000000000000e+00 7.664766837995073967e-02 0.000000000000000000e+00 1.827510425026435275e-05 0.000000000000000000e+00 0.000000000000000000e+00 0.000000000000000000e+00 7.814649121588218344e-04 0.000000000000000000e+00 0.000000000000000000e+00 0.000000000000000000e+00 0.000000000000000000e+00 0.000000000000000000e+00 1.760599772958979002e-03 1.346680396776705948e-03 1.166508852886744647e-03
1.340000000000000000e+04 0.000000000000000000e+00 0.000000000000000000e+00 0.000000000000000000e+00 0.000000000000000000e+00 0.000000000000000000e+00 5.515505337559943147e-06 0.000000000000000000e+00 8.897796462450656696e-01 0.000000000000000000e+00 5.742811331374463540e-07 0.000000000000000000e+00 2.849306654948133982e-02 0.000000000000000000e+00 7.664766837995072579e-02 0.000000000000000000e+00 1.827510425026435275e-05 0.000000000000000000e+00 0.000000000000000000e+00 0.000000000000000000e+00 7.814649121588216176e-04 0.000000000000000000e+00 0.000000000000000000e+00 0.000000000000000000e+00 0.000000000000000000e+00 0.000000000000000000e+00 1.760599772958978786e-03 1.346680396776705731e-03 1.166508852886744213e-03
1.370000000000000000e+04 0.000000000000000000e+00 0.000000000000000000e+00 0.000000000000000000e+00 0.000000000000000000e+00 0.000000000000000000e+00 5.515505337559941453e-06 0.000000000000000000e+00 8.897796462450655586e-01 0.000000000000000000e+00 5.742811331374461423e-07 0.000000000000000000e+00 2.849306654948134329e-02 0.000000000000000000e+00 7.664766837995071191e-02 0.000000000000000000e+00 1.827510425026434597e-05 0.000000000000000000e+00 0.000000000000000000e+00 0.000000000000000000e+00 7.814649121588215092e-04 0.000000000000000000e+00 0.000000000000000000e+00 0.000000000000000000e+00 0.000000000000000000e+00 0.000000000000000000e+00 1.760599772958978569e-03 1.346680396776705514e-03 1.166508852886743997e-03
1.400000000000000000e+04 0.000000000000000000e+00 0.000000000000000000e+00 0.000000000000000000e+00 0.000000000000000000e+00 0.000000000000000000e+00 5.515505337559943994e-06 0.000000000000000000e+00 8.897796462450657806e-01 0.000000000000000000e+00 5.742811331374464599e-07 0.000000000000000000e+00 2.849306654948135023e-02 0.000000000000000000e+00 7.664766837995072579e-02 0.000000000000000000e+00 1.827510425026435275e-05 0.000000000000000000e+00 0.000000000000000000e+00 0.000000000000000000e+00 7.814649121588217260e-04 0.000000000000000000e+00 0.000000000000000000e+00 0.000000000000000000e+00 0.000000000000000000e+00 0.000000000000000000e+00 1.760599772958979002e-03 1.346680396776705948e-03 1.166508852886744647e-03
1.430000000000000000e+04 0.000000000000000000e+00 0.000000000000000000e+00 0.000000000000000000e+00 0.000000000000000000e+00 0.000000000000000000e+00 5.515505337559940606e-06 0.000000000000000000e+00 8.897796462450654476e-01 0.000000000000000000e+00 5.742811331374461423e-07 0.000000000000000000e+00 2.849306654948133982e-02 0.000000000000000000e+00 7.664766837995069804e-02 0.000000000000000000e+00 1.827510425026434258e-05 0.000000000000000000e+00 0.000000000000000000e+00 0.000000000000000000e+00 7.814649121588212923e-04 0.000000000000000000e+00 0.000000000000000000e+00 0.000000000000000000e+00 0.000000000000000000e+00 0.000000000000000000e+00 1.760599772958977918e-03 1.346680396776705297e-03 1.166508852886743997e-03
1.460000000000000000e+04 0.000000000000000000e+00 0.000000000000000000e+00 0.000000000000000000e+00 0.000000000000000000e+00 0.000000000000000000e+00 5.515505337559943994e-06 0.000000000000000000e+00 8.897796462450658916e-01 0.000000000000000000e+00 5.742811331374464599e-07 0.000000000000000000e+00 2.849306654948135023e-02 0.000000000000000000e+00 7.664766837995073967e-02 0.000000000000000000e+00 1.827510425026435275e-05 0.000000000000000000e+00 0.000000000000000000e+00 0.000000000000000000e+00 7.814649121588217260e-04 0.000000000000000000e+00 0.000000000000000000e+00 0.000000000000000000e+00 0.000000000000000000e+00 0.000000000000000000e+00 1.760599772958978786e-03 1.346680396776705731e-03 1.166508852886744213e-03
1.490000000000000000e+04 0.000000000000000000e+00 0.000000000000000000e+00 0.000000000000000000e+00 0.000000000000000000e+00 0.000000000000000000e+00 5.515505337559942300e-06 0.000000000000000000e+00 8.897796462450657806e-01 0.000000000000000000e+00 5.742811331374463540e-07 0.000000000000000000e+00 2.849306654948134676e-02 0.000000000000000000e+00 7.664766837995072579e-02 0.000000000000000000e+00 1.827510425026434936e-05 0.000000000000000000e+00 0.000000000000000000e+00 0.000000000000000000e+00 7.814649121588215092e-04 0.000000000000000000e+00 0.000000000000000000e+00 0.000000000000000000e+00 0.000000000000000000e+00 0.000000000000000000e+00 1.760599772958978352e-03 1.346680396776705731e-03 1.166508852886744213e-03
1.520000000000000000e+04 0.000000000000000000e+00 0.000000000000000000e+00 0.000000000000000000e+00 0.000000000000000000e+00 0.000000000000000000e+00 5.515505337559943994e-06 0.000000000000000000e+00 8.897796462450657806e-01 0.000000000000000000e+00 5.742811331374464599e-07 0.000000000000000000e+00 2.849306654948134329e-02 0.000000000000000000e+00 7.664766837995073967e-02 0.000000000000000000e+00 1.827510425026435275e-05 0.000000000000000000e+00 0.000000000000000000e+00 0.000000000000000000e+00 7.814649121588216176e-04 0.000000000000000000e+00 0.000000000000000000e+00 0.000000000000000000e+00 0.000000000000000000e+00 0.000000000000000000e+00 1.760599772958979002e-03 1.346680396776705948e-03 1.166508852886744213e-03
1.550000000000000000e+04 0.000000000000000000e+00 0.000000000000000000e+00 0.000000000000000000e+00 0.000000000000000000e+00 0.000000000000000000e+00 5.515505337559943147e-06 0.000000000000000000e+00 8.897796462450656696e-01 0.000000000000000000e+00 5.742811331374462481e-07 0.000000000000000000e+00 2.849306654948134329e-02 0.000000000000000000e+00 7.664766837995072579e-02 0.000000000000000000e+00 1.827510425026434936e-05 0.000000000000000000e+00 0.000000000000000000e+00 0.000000000000000000e+00 7.814649121588214007e-04 0.000000000000000000e+00 0.000000000000000000e+00 0.000000000000000000e+00 0.000000000000000000e+00 0.000000000000000000e+00 1.760599772958978569e-03 1.346680396776705514e-03 1.166508852886744430e-03
1.580000000000000000e+04 0.000000000000000000e+00 0.000000000000000000e+00 0.000000000000000000e+00 0.000000000000000000e+00 0.000000000000000000e+00 5.515505337559941453e-06 0.000000000000000000e+00 8.897796462450655586e-01 0.000000000000000000e+00 5.742811331374462481e-07 0.000000000000000000e+00 2.849306654948133635e-02 0.000000000000000000e+00 7.664766837995071191e-02 0.000000000000000000e+00 1.827510425026434597e-05 0.000000000000000000e+00 0.000000000000000000e+00 0.000000000000000000e+00 7.814649121588214007e-04 0.000000000000000000e+00 0.000000000000000000e+00 0.000000000000000000e+00 0.000000000000000000e+00 0.000000000000000000e+00 1.760599772958978135e-03 1.346680396776705514e-03 1.166508852886743997e-03
1.610000000000000000e+04 0.000000000000000000e+00 0.000000000000000000e+00 0.000000000000000000e+00 0.000000000000000000e+00 0.000000000000000000e+00 5.515505337559942300e-06 0.000000000000000000e+00 8.897796462450655586e-01 0.000000000000000000e+00 5.742811331374462481e-07 0.000000000000000000e+00 2.849306654948133982e-02 0.000000000000000000e+00 7.664766837995071191e-02 0.000000000000000000e+00 1.827510425026434936e-05 0.000000000000000000e+00 0.000000000000000000e+00 0.000000000000000000e+00 7.814649121588212923e-04 0.000000000000000000e+00 0.000000000000000000e+00 0.000000000000000000e+00 0.000000000000000000e+00 0.000000000000000000e+00 1.760599772958978352e-03 1.346680396776705297e-03 1.166508852886743997e-03
1.640000000000000000e+04 0.000000000000000000e+00 0.000000000000000000e+00 0.000000000000000000e+00 0.000000000000000000e+00 0.000000000000000000e+00 5.515505337559943147e-06 0.000000000000000000e+00 8.897796462450657806e-01 0.000000000000000000e+00 5.742811331374464599e-07 0.000000000000000000e+00 2.849306654948135370e-02 0.000000000000000000e+00 7.664766837995073967e-02 0.000000000000000000e+00 1.827510425026435275e-05 0.000000000000000000e+00 0.000000000000000000e+00 0.000000000000000000e+00 7.814649121588217260e-04 0.000000000000000000e+00 0.000000000000000000e+00 0.000000000000000000e+00 0.000000000000000000e+00 0.000000000000000000e+00 1.760599772958979002e-03 1.346680396776705948e-03 1.166508852886744430e-03
1.670000000000000000e+04 0.000000000000000000e+00 0.000000000000000000e+00 0.000000000000000000e+00 0.000000000000000000e+00 0.000000000000000000e+00 5.515505337559943994e-06 0.000000000000000000e+00 8.897796462450657806e-01 0.000000000000000000e+00 5.742811331374463540e-07 0.000000000000000000e+00 2.849306654948134329e-02 0.000000000000000000e+00 7.664766837995072579e-02 0.000000000000000000e+00 1.827510425026434936e-05 0.000000000000000000e+00 0.000000000000000000e+00 0.000000000000000000e+00 7.814649121588215092e-04 0.000000000000000000e+00 0.000000000000000000e+00 0.000000000000000000e+00 0.000000000000000000e+00 0.000000000000000000e+00 1.760599772958978786e-03 1.346680396776705514e-03 1.166508852886744213e-03
1.700000000000000000e+04 0.000000000000000000e+00 0.000000000000000000e+00 0.000000000000000000e+00 0.000000000000000000e+00 0.000000000000000000e+00 1.749813978985982343e-01 0.000000000000000000e+00 6.414740177496998097e-01 0.000000000000000000e+00 6.751778340711131476e-02 0.000000000000000000e+00 1.047623570058578701e-01 0.000000000000000000e+00 1.402206123508261152e-04 0.000000000000000000e+00 1.210429658854493784e-04 0.000000000000000000e+00 0.000000000000000000e+00 0.000000000000000000e+00 1.408676465354567796e-03 0.000000000000000000e+00 0.000000000000000000e+00 0.000000000000000000e+00 0.000000000000000000e+00 0.000000000000000000e+00 6.845107250621603780e-03 3.815032940020612450e-04 2.367893350518341170e-03
1.730000000000000000e+04 0.000000000000000000e+00 0.000000000000000000e+00 0.000000000000000000e+00 0.000000000000000000e+00 0.000000000000000000e+00 1.749813978985982343e-01 0.000000000000000000e+00 6.414740177496995877e-01 0.000000000000000000e+00 6.751778340711128701e-02 0.000000000000000000e+00 1.047623570058578424e-01 0.000000000000000000e+00 1.402206123508260610e-04 0.000000000000000000e+00 1.210429658854493377e-04 0.000000000000000000e+00 0.000000000000000000e+00 0.000000000000000000e+00 1.408676465354567579e-03 0.000000000000000000e+00 0.000000000000000000e+00 0.000000000000000000e+00 0.000000000000000000e+00 0.000000000000000000e+00 6.845107250621602045e-03 3.815032940020611366e-04 2.367893350518340736e-03
1.760000000000000000e+04 0.000000000000000000e+00 0.000000000000000000e+00 0.000000000000000000e+00 0.000000000000000000e+00 0.000000000000000000e+00 1.749813978985982343e-01 0.000000000000000000e+00 6.414740177496998097e-01 0.000000000000000000e+00 6.751778340711128701e-02 0.000000000000000000e+00 1.047623570058578285e-01 0.000000000000000000e+00 1.402206123508260610e-04 0.000000000000000000e+00 1.210429658854493513e-04 0.000000000000000000e+00 0.000000000000000000e+00 0.000000000000000000e+00 1.408676465354568013e-03 0.000000000000000000e+00 0.000000000000000000e+00 0.000000000000000000e+00 0.000000000000000000e+00 0.000000000000000000e+00 6.845107250621603780e-03 3.815032940020611908e-04 2.367893350518340736e-03
1.790000000000000000e+04 0.000000000000000000e+00 0.000000000000000000e+00 0.000000000000000000e+00 0.000000000000000000e+00 0.000000000000000000e+00 1.749813978985982343e-01 0.000000000000000000e+00 6.414740177496998097e-01 0.000000000000000000e+00 6.751778340711128701e-02 0.000000000000000000e+00 1.047623570058578285e-01 0.000000000000000000e+00 1.402206123508260881e-04 0.000000000000000000e+00 1.210429658854493648e-04 0.000000000000000000e+00 0.000000000000000000e+00 0.000000000000000000e+00 1.408676465354567579e-03 0.000000000000000000e+00 0.000000000000000000e+00 0.000000000000000000e+00 0.000000000000000000e+00 0.000000000000000000e+00 6.845107250621602912e-03 3.815032940020611908e-04 2.367893350518340736e-03
1.820000000000000000e+04 0.000000000000000000e+00 0.000000000000000000e+00 0.000000000000000000e+00 0.000000000000000000e+00 0.000000000000000000e+00 1.749813978985982621e-01 0.000000000000000000e+00 6.414740177496996987e-01 0.000000000000000000e+00 6.751778340711128701e-02 0.000000000000000000e+00 1.047623570058578424e-01 0.000000000000000000e+00 1.402206123508261152e-04 0.000000000000000000e+00 1.210429658854493513e-04 0.000000000000000000e+00 0.000000000000000000e+00 0.000000000000000000e+00 1.408676465354567796e-03 0.000000000000000000e+00 0.000000000000000000e+00 0.000000000000000000e+00 0.000000000000000000e+00 0.000000000000000000e+00 6.845107250621602912e-03 3.815032940020611366e-04 2.367893350518341170e-03
1.850000000000000000e+04 0.000000000000000000e+00 0.000000000000000000e+00 0.000000000000000000e+00 0.000000000000000000e+00 0.000000000000000000e+00 1.749813978985982066e-01 0.000000000000000000e+00 6.414740177496996987e-01 0.000000000000000000e+00 6.751778340711130089e-02 0.000000000000000000e+00 1.047623570058578285e-01 0.000000000000000000e+00 1.402206123508260610e-04 0.000000000000000000e+00 1.210429658854493513e-04 0.000000000000000000e+00 0.000000000000000000e+00 0.000000000000000000e+00 1.408676465354567579e-03 0.000000000000000000e+00 0.000000000000000000e+00 0.000000000000000000e+00 0.000000000000000000e+00 0.000000000000000000e+00 6.845107250621602045e-03 3.815032940020611908e-04 2.367893350518340736e-03
1.880000000000000000e+04 0.000000000000000000e+00 0.000000000000000000e+00 0.000000000000000000e+00 0.000000000000000000e+00 0.000000000000000000e+00 1.749813978985982621e-01 0.000000000000000000e+00 6.414740177496998097e-01 0.000000000000000000e+00 6.751778340711130089e-02 0.000000000000000000e+00 1.047623570058578563e-01 0.000000000000000000e+00 1.402206123508260881e-04 0.000000000000000000e+00 1.210429658854493648e-04 0.000000000000000000e+00 0.000000000000000000e+00 0.000000000000000000e+00 1.408676465354567796e-03 0.000000000000000000e+00 0.000000000000000000e+00 0.000000000000000000e+00 0.000000000000000000e+00 0.000000000000000000e+00 6.845107250621602912e-03 3.815032940020612450e-04 2.367893350518341170e-03
1.910000000000000000e+04 0.000000000000000000e+00 0.000000000000000000e+00 0.000000000000000000e+00 0.000000000000000000e+00 0.000000000000000000e+00 1.749813978985982899e-01 0.000000000000000000e+00 6.414740177496996987e-01 0.000000000000000000e+00 6.751778340711130089e-02 0.000000000000000000e+00 1.047623570058578563e-01 0.000000000000000000e+00 1.402206123508260881e-04 0.000000000000000000e+00 1.210429658854493784e-04 0.000000000000000000e+00 0.000000000000000000e+00 0.000000000000000000e+00 1.408676465354568013e-03 0.000000000000000000e+00 0.000000000000000000e+00 0.000000000000000000e+00 0.000000000000000000e+00 0.000000000000000000e+00 6.845107250621603780e-03 3.815032940020612450e-04 2.367893350518341170e-03
1.940000000000000000e+04 0.000000000000000000e+00 0.000000000000000000e+00 0.000000000000000000e+00 0.000000000000000000e+00 0.000000000000000000e+00 1.749813978985982343e-01 0.000000000000000000e+00 6.414740177496996987e-01 0.000000000000000000e+00 6.751778340711127313e-02 0.000000000000000000e+00 1.047623570058578285e-01 0.000000000000000000e+00 1.402206123508260610e-04 0.000000000000000000e+00 1.210429658854493242e-04 0.000000000000000000e+00 0.000000000000000000e+00 0.000000000000000000e+00 1.408676465354567579e-03 0.000000000000000000e+00 0.000000000000000000e+00 0.000000000000000000e+00 0.000000000000000000e+00 0.000000000000000000e+00 6.845107250621602045e-03 3.815032940020611366e-04 2.367893350518340736e-03
1.970000000000000000e+04 0.000000000000000000e+00 0.000000000000000000e+00 0.000000000000000000e+00 0.000000000000000000e+00 0.000000000000000000e+00 1.749813978985982621e-01 0.000000000000000000e+00 6.414740177496998097e-01 0.000000000000000000e+00 6.751778340711130089e-02 0.000000000000000000e+00 1.047623570058578563e-01 0.000000000000000000e+00 1.402206123508260881e-04 0.000000000000000000e+00 1.210429658854493920e-04 0.000000000000000000e+00 0.000000000000000000e+00 0.000000000000000000e+00 1.408676465354568013e-03 0.000000000000000000e+00 0.000000000000000000e+00 0.000000000000000000e+00 0.000000000000000000e+00 0.000000000000000000e+00 6.845107250621604647e-03 3.815032940020611908e-04 2.367893350518341170e-03
