3.500000000000000000e+03 0.000000000000000000e+00 0.000000000000000000e+00 0.000000000000000000e+00 0.000000000000000000e+00 0.000000000000000000e+00 1.194236192270357515e-05 0.000000000000000000e+00 2.073381381765527359e-02 0.000000000000000000e+00 2.761967452997324197e-06 0.000000000000000000e+00 2.682615800630614388e-04 0.000000000000000000e+00 6.525261624613533373e-02 0.000000000000000000e+00 2.040383548507552797e-04 0.000000000000000000e+00 0.000000000000000000e+00 0.000000000000000000e+00 2.957504651980269808e-02 0.000000000000000000e+00 0.000000000000000000e+00 0.000000000000000000e+00 0.000000000000000000e+00 0.000000000000000000e+00 3.617042003702781172e-01 2.260995816844803552e-01 2.961477370973586432e-01
3.800000000000000000e+03 0.000000000000000000e+00 0.000000000000000000e+00 0.000000000000000000e+00 0.000000000000000000e+00 0.000000000000000000e+00 1.194236192270357854e-05 0.000000000000000000e+00 2.073381381765527706e-02 0.000000000000000000e+00 2.761967452997324621e-06 0.000000000000000000e+00 2.682615800630614388e-04 0.000000000000000000e+00 6.525261624613533373e-02 0.000000000000000000e+00 2.040383548507552797e-04 0.000000000000000000e+00 0.000000000000000000e+00 0.000000000000000000e+00 2.957504651980270155e-02 0.000000000000000000e+00 0.000000000000000000e+00 0.000000000000000000e+00 0.000000000000000000e+00 0.000000000000000000e+00 3.617042003702781727e-01 2.260995816844803830e-01 2.961477370973586987e-01
4.100000000000000000e+03 0.000000000000000000e+00 0.000000000000000000e+00 0.000000000000000000e+00 0.000000000000000000e+00 0.000000000000000000e+00 1.194236192270357854e-05 0.000000000000000000e+00 2.073381381765527706e-02 0.000000000000000000e+00 2.761967452997324621e-06 0.000000000000000000e+00 2.682615800630614388e-04 0.000000000000000000e+00 6.525261624613533373e-02 0.000000000000000000e+00 2.040383548507552797e-04 0.000000000000000000e+00 0.000000000000000000e+00 0.000000000000000000e+00 2.957504651980270502e-02 0.000000000000000000e+00 0.000000000000000000e+00 0.000000000000000000e+00 0.000000000000000000e+00 0.000000000000000000e+00 3.617042003702781727e-01 2.260995816844803552e-01 2.961477370973586987e-01
4.400000000000000000e+03 0.000000000000000000e+00 0.000000000000000000e+00 0.000000000000000000e+00 0.000000000000000000e+00 0.000000000000000000e+00 1.194236192270357515e-05 0.000000000000000000e+00 2.073381381765527706e-02 0.000000000000000000e+00 2.761967452997324197e-06 0.000000000000000000e+00 2.682615800630614388e-04 0.000000000000000000e+00 6.525261624613533373e-02 0.000000000000000000e+00 2.040383548507552526e-04 0.000000000000000000e+00 0.000000000000000000e+00 0.000000000000000000e+00 2.957504651980269808e-02 0.000000000000000000e+00 0.000000000000000000e+00 0.000000000000000000e+00 0.000000000000000000e+00 0.000000000000000000e+00 3.617042003702781727e-01 2.260995816844803830e-01 2.961477370973586432e-01
4.700000000000000000e+03 0.000000000000000000e+00 0.000000000000000000e+00 0.000000000000000000e+00 0.000000000000000000e+00 0.000000000000000000e+00 1.194236192270357346e-05 0.000000000000000000e+00 2.073381381765527012e-02 0.000000000000000000e+00 2.761967452997324197e-06 0.000000000000000000e+00 2.682615800630613846e-04 0.000000000000000000e+00 6.525261624613531986e-02 0.000000000000000000e+00 2.040383548507552255e-04 0.000000000000000000e+00 0.000000000000000000e+00 0.000000000000000000e+00 2.957504651980269114e-02 0.000000000000000000e+00 0.000000000000000000e+00 0.000000000000000000e+00 0.000000000000000000e+00 0.000000000000000000e+00 3.617042003702780617e-01 2.260995816844803274e-01 2.961477370973585876e-01
5.000000000000000000e+03 0.000000000000000000e+00 0.000000000000000000e+00 0.000000000000000000e+00 0.000000000000000000e+00 0.000000000000000000e+00 1.194236192270357854e-05 0.000000000000000000e+00 2.073381381765527706e-02 0.000000000000000000e+00 2.761967452997325044e-06 0.000000000000000000e+00 2.682615800630614388e-04 0.000000000000000000e+00 6.525261624613534761e-02 0.000000000000000000e+00 2.040383548507553068e-04 0.000000000000000000e+00 0.000000000000000000e+00 0.000000000000000000e+00 2.957504651980270155e-02 0.000000000000000000e+00 0.000000000000000000e+00 0.000000000000000000e+00 0.000000000000000000e+00 0.000000000000000000e+00 3.617042003702782282e-01 2.260995816844803552e-01 2.961477370973586432e-01
5.300000000000000000e+03 0.000000000000000000e+00 0.000000000000000000e+00 0.000000000000000000e+00 0.000000000000000000e+00 0.000000000000000000e+00 1.194236192270357684e-05 0.000000000000000000e+00 2.073381381765527359e-02 0.000000000000000000e+00 2.761967452997324197e-06 0.000000000000000000e+00 2.682615800630614388e-04 0.000000000000000000e+00 6.525261624613534761e-02 0.000000000000000000e+00 2.040383548507552797e-04 0.000000000000000000e+00 0.000000000000000000e+00 0.000000000000000000e+00 2.957504651980270155e-02 0.000000000000000000e+00 0.000000000000000000e+00 0.000000000000000000e+00 0.000000000000000000e+00 0.000000000000000000e+00 3.617042003702781727e-01 2.260995816844804107e-01 2.961477370973586432e-01
5.600000000000000000e+03 0.000000000000000000e+00 0.000000000000000000e+00 0.000000000000000000e+00 0.000000000000000000e+00 0.000000000000000000e+00 1.194236192270357684e-05 0.000000000000000000e+00 2.073381381765527706e-02 0.000000000000000000e+00 2.761967452997324621e-06 0.000000000000000000e+00 2.682615800630614930e-04 0.000000000000000000e+00 6.525261624613534761e-02 0.000000000000000000e+00 2.040383548507552797e-04 0.000000000000000000e+00 0.000000000000000000e+00 0.000000000000000000e+00 2.957504651980270502e-02 0.000000000000000000e+00 0.000000000000000000e+00 0.000000000000000000e+00 0.000000000000000000e+00 0.000000000000000000e+00 3.617042003702781172e-01 2.260995816844803552e-01 2.961477370973586987e-01
5.900000000000000000e+03 0.000000000000000000e+00 0.000000000000000000e+00 0.000000000000000000e+00 0.000000000000000000e+00 0.000000000000000000e+00 1.194236192270357515e-05 0.000000000000000000e+00 2.073381381765527706e-02 0.000000000000000000e+00 2.761967452997323774e-06 0.000000000000000000e+00 2.682615800630614388e-04 0.000000000000000000e+00 6.525261624613533373e-02 0.000000000000000000e+00 2.040383548507552526e-04 0.000000000000000000e+00 0.000000000000000000e+00 0.000000000000000000e+00 2.957504651980269808e-02 0.000000000000000000e+00 0.000000000000000000e+00 0.000000000000000000e+00 0.000000000000000000e+00 0.000000000000000000e+00 3.617042003702780617e-01 2.260995816844803552e-01 2.961477370973586987e-01
6.200000000000000000e+03 0.000000000000000000e+00 0.000000000000000000e+00 0.000000000000000000e+00 0.000000000000000000e+00 0.000000000000000000e+00 1.194236192270357684e-05 0.000000000000000000e+00 2.073381381765527012e-02 0.000000000000000000e+00 2.761967452997323774e-06 0.000000000000000000e+00 2.682615800630614388e-04 0.000000000000000000e+00 6.525261624613533373e-02 0.000000000000000000e+00 2.040383548507552526e-04 0.000000000000000000e+00 0.000000000000000000e+00 0.000000000000000000e+00 2.957504651980269808e-02 0.000000000000000000e+00 0.000000000000000000e+00 0.000000000000000000e+00 0.000000000000000000e+00 0.000000000000000000e+00 3.617042003702781172e-01 2.260995816844803552e-01 2.961477370973586432e-01
6.500000000000000000e+03 0.000000000000000000e+00 0.000000000000000000e+00 0.000000000000000000e+00 0.000000000000000000e+00 0.000000000000000000e+00 1.194236192270357854e-05 0.000000000000000000e+00 2.073381381765527359e-02 0.000000000000000000e+00 2.761967452997324197e-06 0.000000000000000000e+00 2.682615800630614930e-04 0.000000000000000000e+00 6.525261624613534761e-02 0.000000000000000000e+00 2.040383548507552797e-04 0.000000000000000000e+00 0.000000000000000000e+00 0.000000000000000000e+00 2.957504651980270502e-02 0.000000000000000000e+00 0.000000000000000000e+00 0.000000000000000000e+00 0.000000000000000000e+00 0.000000000000000000e+00 3.617042003702781727e-01 2.260995816844804107e-01 2.961477370973586987e-01
6.800000000000000000e+03 0.000000000000000000e+00 0.000000000000000000e+00 0.000000000000000000e+00 0.000000000000000000e+00 0.000000000000000000e+00 1.194236192270357515e-05 0.000000000000000000e+00 2.073381381765527012e-02 0.000000000000000000e+00 2.761967452997323774e-06 0.000000000000000000e+00 2.682615800630614388e-04 0.000000000000000000e+00 6.525261624613533373e-02 0.000000000000000000e+00 2.040383548507552526e-04 0.000000000000000000e+00 0.000000000000000000e+00 0.000000000000000000e+00 2.957504651980269461e-02 0.000000000000000000e+00 0.000000000000000000e+00 0.000000000000000000e+00 0.000000000000000000e+00 0.000000000000000000e+00 3.617042003702781172e-01 2.260995816844803274e-01 2.961477370973585876e-01
7.100000000000000000e+03 0.000000000000000000e+00 0.000000000000000000e+00 0.000000000000000000e+00 0.000000000000000000e+00 0.000000000000000000e+00 9.841920517637590019e-06 0.000000000000000000e+00 2.212498105810273979e-02 0.000000000000000000e+00 2.976531385589216904e-06 0.000000000000000000e+00 5.421170505157687711e-03 0.000000000000000000e+00 1.031358013688394026e-01 0.000000000000000000e+00 1.493758097038249159e-03 0.000000000000000000e+00 0.000000000000000000e+00 0.000000000000000000e+00 4.218921426555806431e-02 0.000000000000000000e+00 0.000000000000000000e+00 0.000000000000000000e+00 0.000000000000000000e+00 0.000000000000000000e+00 1.875376421173868824e-01 2.253552216106822215e-01 4.127293925253314733e-01
7.400000000000000000e+03 0.000000000000000000e+00 0.000000000000000000e+00 0.000000000000000000e+00 0.000000000000000000e+00 0.000000000000000000e+00 9.841920517637590019e-06 0.000000000000000000e+00 2.212498105810273979e-02 0.000000000000000000e+00 2.976531385589216904e-06 0.000000000000000000e+00 5.421170505157687711e-03 0.000000000000000000e+00 1.031358013688394026e-01 0.000000000000000000e+00 1.493758097038248942e-03 0.000000000000000000e+00 0.000000000000000000e+00 0.000000000000000000e+00 4.218921426555806431e-02 0.000000000000000000e+00 0.000000000000000000e+00 0.000000000000000000e+00 0.000000000000000000e+00 0.000000000000000000e+00 1.875376421173868546e-01 2.253552216106822215e-01 4.127293925253315288e-01
7.700000000000000000e+03 0.000000000000000000e+00 0.000000000000000000e+00 0.000000000000000000e+00 0.000000000000000000e+00 0.000000000000000000e+00 9.841920517637591713e-06 0.000000000000000000e+00 2.212498105810273979e-02 0.000000000000000000e+00 2.976531385589216904e-06 0.000000000000000000e+00 5.421170505157688578e-03 0.000000000000000000e+00 1.031358013688394026e-01 0.000000000000000000e+00 1.493758097038249376e-03 0.000000000000000000e+00 0.000000000000000000e+00 0.000000000000000000e+00 4.218921426555807819e-02 0.000000000000000000e+00 0.000000000000000000e+00 0.000000000000000000e+00 0.000000000000000000e+00 0.000000000000000000e+00 1.875376421173869101e-01 2.253552216106822215e-01 4.127293925253314733e-01
8.000000000000000000e+03 0.000000000000000000e+00 0.000000000000000000e+00 0.000000000000000000e+00 0.000000000000000000e+00 0.000000000000000000e+00 9.841920517637590019e-06 0.000000000000000000e+00 2.212498105810274326e-02 0.000000000000000000e+00 2.976531385589216904e-06 0.000000000000000000e+00 5.421170505157686843e-03 0.000000000000000000e+00 1.031358013688394026e-01 0.000000000000000000e+00 1.493758097038249159e-03 0.000000000000000000e+00 0.000000000000000000e+00 0.000000000000000000e+00 4.218921426555806431e-02 0.000000000000000000e+00 0.000000000000000000e+00 0.000000000000000000e+00 0.000000000000000000e+00 0.000000000000000000e+00 1.875376421173868546e-01 2.253552216106821937e-01 4.127293925253315288e-01
8.300000000000000000e+03 0.000000000000000000e+00 0.000000000000000000e+00 0.000000000000000000e+00 0.000000000000000000e+00 0.000000000000000000e+00 9.841920517637590019e-06 0.000000000000000000e+00 2.212498105810273979e-02 0.000000000000000000e+00 2.976531385589217327e-06 0.000000000000000000e+00 5.421170505157687711e-03 0.000000000000000000e+00 1.031358013688393888e-01 0.000000000000000000e+00 1.493758097038249159e-03 0.000000000000000000e+00 0.000000000000000000e+00 0.000000000000000000e+00 4.218921426555807819e-02 0.000000000000000000e+00 0.000000000000000000e+00 0.000000000000000000e+00 0.000000000000000000e+00 0.000000000000000000e+00 1.875376421173868824e-01 2.253552216106822215e-01 4.127293925253314733e-01
8.600000000000000000e+03 0.000000000000000000e+00 0.000000000000000000e+00 0.000000000000000000e+00 0.000000000000000000e+00 0.000000000000000000e+00 9.841920517637590019e-06 0.000000000000000000e+00 2.212498105810273979e-02 0.000000000000000000e+00 2.976531385589216480e-06 0.000000000000000000e+00 5.421170505157688578e-03 0.000000000000000000e+00 1.031358013688394165e-01 0.000000000000000000e+00 1.493758097038249159e-03 0.000000000000000000e+00 0.000000000000000000e+00 0.000000000000000000e+00 4.218921426555807125e-02 0.000000000000000000e+00 0.000000000000000000e+00 0.000000000000000000e+00 0.000000000000000000e+00 0.000000000000000000e+00 1.875376421173869101e-01 2.253552216106822215e-01 4.127293925253315288e-01
8.900000000000000000e+03 0.000000000000000000e+00 0.000000000000000000e+00 0.000000000000000000e+00 0.000000000000000000e+00 0.000000000000000000e+00 9.841920517637590019e-06 0.000000000000000000e+00 2.212498105810273979e-02 0.000000000000000000e+00 2.976531385589216480e-06 0.000000000000000000e+00 5.421170505157686843e-03 0.000000000000000000e+00 1.031358013688394026e-01 0.000000000000000000e+00 1.493758097038249159e-03 0.000000000000000000e+00 0.000000000000000000e+00 0.000000000000000000e+00 4.218921426555807125e-02 0.000000000000000000e+00 0.000000000000000000e+00 0.000000000000000000e+00 0.000000000000000000e+00 0.000000000000000000e+00 1.875376421173868546e-01 2.253552216106822215e-01 4.127293925253314733e-01
9.200000000000000000e+03 0.000000000000000000e+00 0.000000000000000000e+00 0.000000000000000000e+00 0.000000000000000000e+00 0.000000000000000000e+00 9.841920517637590019e-06 0.000000000000000000e+00 2.212498105810273979e-02 0.000000000000000000e+00 2.976531385589216904e-06 0.000000000000000000e+00 5.421170505157687711e-03 0.000000000000000000e+00 1.031358013688394165e-01 0.000000000000000000e+00 1.493758097038249376e-03 0.000000000000000000e+00 0.000000000000000000e+00 0.000000000000000000e+00 4.218921426555807125e-02 0.000000000000000000e+00 0.000000000000000000e+00 0.000000000000000000e+00 0.000000000000000000e+00 0.000000000000000000e+00 1.875376421173868824e-01 2.253552216106822215e-01 4.127293925253315843e-01
9.500000000000000000e+03 0.000000000000000000e+00 0.000000000000000000e+00 0.000000000000000000e+00 0.000000000000000000e+00 0.000000000000000000e+00 9.841920517637590019e-06 0.000000000000000000e+00 2.212498105810274326e-02 0.000000000000000000e+00 2.976531385589216904e-06 0.000000000000000000e+00 5.421170505157688578e-03 0.000000000000000000e+00 1.031358013688394026e-01 0.000000000000000000e+00 1.493758097038249376e-03 0.000000000000000000e+00 0.000000000000000000e+00 0.000000000000000000e+00 4.218921426555807125e-02 0.000000000000000000e+00 0.000000000000000000e+00 0.000000000000000000e+00 0.000000000000000000e+00 0.000000000000000000e+00 1.875376421173868824e-01 2.253552216106822215e-01 4.127293925253315843e-01
9.800000000000000000e+03 0.000000000000000000e+00 0.000000000000000000e+00 0.000000000000000000e+00 0.000000000000000000e+00 0.000000000000000000e+00 9.841920517637590019e-06 0.000000000000000000e+00 2.212498105810273979e-02 0.000000000000000000e+00 2.976531385589216480e-06 0.000000000000000000e+00 5.421170505157687711e-03 0.000000000000000000e+00 1.031358013688394165e-01 0.000000000000000000e+00 1.493758097038249376e-03 0.000000000000000000e+00 0.000000000000000000e+00 0.000000000000000000e+00 4.218921426555807819e-02 0.000000000000000000e+00 0.000000000000000000e+00 0.000000000000000000e+00 0.000000000000000000e+00 0.000000000000000000e+00 1.875376421173868824e-01 2.253552216106822215e-01 4.127293925253315288e-01
1.010000000000000000e+04 0.000000000000000000e+00 0.000000000000000000e+00 0.000000000000000000e+00 0.000000000000000000e+00 0.000000000000000000e+00 3.575409934181604642e-06 0.000000000000000000e+00 5.139512700468040068e-03 0.000000000000000000e+00 7.507302528322973407e-07 0.000000000000000000e+00 1.974827841897569825e-01 0.000000000000000000e+00 5.212161920872769860e-01 0.000000000000000000e+00 1.408798099154488781e-01 0.000000000000000000e+00 0.000000000000000000e+00 0.000000000000000000e+00 5.586038200022964278e-02 0.000000000000000000e+00 0.000000000000000000e+00 0.000000000000000000e+00 0.000000000000000000e+00 0.000000000000000000e+00 3.027074208068963532e-02 4.578563585177229667e-02 3.360615034170387396e-03
1.040000000000000000e+04 0.000000000000000000e+00 0.000000000000000000e+00 0.000000000000000000e+00 0.000000000000000000e+00 0.000000000000000000e+00 3.575409934181604642e-06 0.000000000000000000e+00 5.139512700468040936e-03 0.000000000000000000e+00 7.507302528322972348e-07 0.000000000000000000e+00 1.974827841897570380e-01 0.000000000000000000e+00 5.212161920872769860e-01 0.000000000000000000e+00 1.408798099154488781e-01 0.000000000000000000e+00 0.000000000000000000e+00 0.000000000000000000e+00 5.586038200022964278e-02 0.000000000000000000e+00 0.000000000000000000e+00 0.000000000000000000e+00 0.000000000000000000e+00 0.000000000000000000e+00 3.027074208068962838e-02 4.578563585177229667e-02 3.360615034170387830e-03
1.070000000000000000e+04 0.000000000000000000e+00 0.000000000000000000e+00 0.000000000000000000e+00 0.000000000000000000e+00 0.000000000000000000e+00 3.575409934181605913e-06 0.000000000000000000e+00 5.139512700468042670e-03 0.000000000000000000e+00 7.507302528322976584e-07 0.000000000000000000e+00 1.974827841897570380e-01 0.000000000000000000e+00 5.212161920872770970e-01 0.000000000000000000e+00 1.408798099154489059e-01 0.000000000000000000e+00 0.000000000000000000e+00 0.000000000000000000e+00 5.586038200022964972e-02 0.000000000000000000e+00 0.000000000000000000e+00 0.000000000000000000e+00 0.000000000000000000e+00 0.000000000000000000e+00 3.027074208068964226e-02 4.578563585177231055e-02 3.360615034170388263e-03
1.100000000000000000e+04 0.000000000000000000e+00 0.000000000000000000e+00 0.000000000000000000e+00 0.000000000000000000e+00 0.000000000000000000e+00 3.575409934181604219e-06 0.000000000000000000e+00 5.139512700468040068e-03 0.000000000000000000e+00 7.507302528322973407e-07 0.000000000000000000e+00 1.974827841897569825e-01 0.000000000000000000e+00 5.212161920872769860e-01 0.000000000000000000e+00 1.408798099154488503e-01 0.000000000000000000e+00 0.000000000000000000e+00 0.000000000000000000e+00 5.586038200022964278e-02 0.000000000000000000e+00 0.000000000000000000e+00 0.000000000000000000e+00 0.000000000000000000e+00 0.000000000000000000e+00 3.027074208068962838e-02 4.578563585177228279e-02 3.360615034170387396e-03
1.130000000000000000e+04 0.000000000000000000e+00 0.000000000000000000e+00 0.000000000000000000e+00 0.000000000000000000e+00 0.000000000000000000e+00 3.575409934181605066e-06 0.000000000000000000e+00 5.139512700468040936e-03 0.000000000000000000e+00 7.507302528322974466e-07 0.000000000000000000e+00 1.974827841897570380e-01 0.000000000000000000e+00 5.212161920872770970e-01 0.000000000000000000e+00 1.408798099154489059e-01 0.000000000000000000e+00 0.000000000000000000e+00 0.000000000000000000e+00 5.586038200022964972e-02 0.000000000000000000e+00 0.000000000000000000e+00 0.000000000000000000e+00 0.000000000000000000e+00 0.000000000000000000e+00 3.027074208068963532e-02 4.578563585177229667e-02 3.360615034170387830e-03
1.160000000000000000e+04 0.000000000000000000e+00 0.000000000000000000e+00 0.000000000000000000e+00 0.000000000000000000e+00 0.000000000000000000e+00 3.575409934181605913e-06 0.000000000000000000e+00 5.139512700468041803e-03 0.000000000000000000e+00 7.507302528322974466e-07 0.000000000000000000e+00 1.974827841897570380e-01 0.000000000000000000e+00 5.212161920872770970e-01 0.000000000000000000e+00 1.408798099154489336e-01 0.000000000000000000e+00 0.000000000000000000e+00 0.000000000000000000e+00 5.586038200022964972e-02 0.000000000000000000e+00 0.000000000000000000e+00 0.000000000000000000e+00 0.000000000000000000e+00 0.000000000000000000e+00 3.027074208068964226e-02 4.578563585177231055e-02 3.360615034170388263e-03
1.190000000000000000e+04 0.000000000000000000e+00 0.000000000000000000e+00 0.000000000000000000e+00 0.000000000000000000e+00 0.000000000000000000e+00 3.575409934181604642e-06 0.000000000000000000e+00 5.139512700468040936e-03 0.000000000000000000e+00 7.507302528322972348e-07 0.000000000000000000e+00 1.974827841897570380e-01 0.000000000000000000e+00 5.212161920872769860e-01 0.000000000000000000e+00 1.408798099154488781e-01 0.000000000000000000e+00 0.000000000000000000e+00 0.000000000000000000e+00 5.586038200022963585e-02 0.000000000000000000e+00 0.000000000000000000e+00 0.000000000000000000e+00 0.000000000000000000e+00 0.000000000000000000e+00 3.027074208068963185e-02 4.578563585177229667e-02 3.360615034170387830e-03
1.220000000000000000e+04 0.000000000000000000e+00 0.000000000000000000e+00 0.000000000000000000e+00 0.000000000000000000e+00 0.000000000000000000e+00 3.575409934181605489e-06 0.000000000000000000e+00 5.139512700468041803e-03 0.000000000000000000e+00 7.507302528322974466e-07 0.000000000000000000e+00 1.974827841897570380e-01 0.000000000000000000e+00 5.212161920872770970e-01 0.000000000000000000e+00 1.408798099154489059e-01 0.000000000000000000e+00 0.000000000000000000e+00 0.000000000000000000e+00 5.586038200022965666e-02 0.000000000000000000e+00 0.000000000000000000e+00 0.000000000000000000e+00 0.000000000000000000e+00 0.000000000000000000e+00 3.027074208068963879e-02 4.578563585177230361e-02 3.360615034170387830e-03
1.250000000000000000e+04 0.000000000000000000e+00 0.000000000000000000e+00 0.000000000000000000e+00 0.000000000000000000e+00 0.000000000000000000e+00 3.575409934181605489e-06 0.000000000000000000e+00 5.139512700468041803e-03 0.000000000000000000e+00 7.507302528322975525e-07 0.000000000000000000e+00 1.974827841897570657e-01 0.000000000000000000e+00 5.212161920872770970e-01 0.000000000000000000e+00 1.408798099154489059e-01 0.000000000000000000e+00 0.000000000000000000e+00 0.000000000000000000e+00 5.586038200022964972e-02 0.000000000000000000e+00 0.000000000000000000e+00 0.000000000000000000e+00 0.000000000000000000e+00 0.000000000000000000e+00 3.027074208068964226e-02 4.578563585177229667e-02 3.360615034170388263e-03
1.280000000000000000e+04 0.000000000000000000e+00 0.000000000000000000e+00 0.000000000000000000e+00 0.000000000000000000e+00 0.000000000000000000e+00 3.575409934181604642e-06 0.000000000000000000e+00 5.139512700468040936e-03 0.000000000000000000e+00 7.507302528322973407e-07 0.000000000000000000e+00 1.974827841897569825e-01 0.000000000000000000e+00 5.212161920872769860e-01 0.000000000000000000e+00 1.408798099154488781e-01 0.000000000000000000e+00 0.000000000000000000e+00 0.000000000000000000e+00 5.586038200022964278e-02 0.000000000000000000e+00 0.000000000000000000e+00 0.000000000000000000e+00 0.000000000000000000e+00 0.000000000000000000e+00 3.027074208068963532e-02 4.578563585177229667e-02 3.360615034170387396e-03
1.310000000000000000e+04 0.000000000000000000e+00 0.000000000000000000e+00 0.000000000000000000e+00 0.000000000000000000e+00 0.000000000000000000e+00 5.577772677784399175e-06 0.000000000000000000e+00 9.075639542184482655e-01 0.000000000000000000e+00 5.981239694000780757e-07 0.000000000000000000e+00 2.031961098771056795e-02 0.000000000000000000e+00 6.499776331320218647e-02 0.000000000000000000e+00 1.838365089408925421e-05 0.000000000000000000e+00 0.000000000000000000e+00 0.000000000000000000e+00 9.950659938775298103e-04 0.000000000000000000e+00 0.000000000000000000e+00 0.000000000000000000e+00 0.000000000000000000e+00 0.000000000000000000e+00 2.645098802620534512e-03 2.471932622206587070e-03 9.820145143929739830e-04
1.340000000000000000e+04 0.000000000000000000e+00 0.000000000000000000e+00 0.000000000000000000e+00 0.000000000000000000e+00 0.000000000000000000e+00 5.577772677784400022e-06 0.000000000000000000e+00 9.075639542184482655e-01 0.000000000000000000e+00 5.981239694000780757e-07 0.000000000000000000e+00 2.031961098771057142e-02 0.000000000000000000e+00 6.499776331320217260e-02 0.000000000000000000e+00 1.838365089408925760e-05 0.000000000000000000e+00 0.000000000000000000e+00 0.000000000000000000e+00 9.950659938775295935e-04 0.000000000000000000e+00 0.000000000000000000e+00 0.000000000000000000e+00 0.000000000000000000e+00 0.000000000000000000e+00 2.645098802620534945e-03 2.471932622206587070e-03 9.820145143929739830e-04
1.370000000000000000e+04 0.000000000000000000e+00 0.000000000000000000e+00 0.000000000000000000e+00 0.000000000000000000e+00 0.000000000000000000e+00 5.577772677784399175e-06 0.000000000000000000e+00 9.075639542184481545e-01 0.000000000000000000e+00 5.981239694000779698e-07 0.000000000000000000e+00 2.031961098771056448e-02 0.000000000000000000e+00 6.499776331320217260e-02 0.000000000000000000e+00 1.838365089408925082e-05 0.000000000000000000e+00 0.000000000000000000e+00 0.000000000000000000e+00 9.950659938775293766e-04 0.000000000000000000e+00 0.000000000000000000e+00 0.000000000000000000e+00 0.000000000000000000e+00 0.000000000000000000e+00 2.645098802620534512e-03 2.471932622206586636e-03 9.820145143929739830e-04
1.400000000000000000e+04 0.000000000000000000e+00 0.000000000000000000e+00 0.000000000000000000e+00 0.000000000000000000e+00 0.000000000000000000e+00 5.577772677784399175e-06 0.000000000000000000e+00 9.075639542184481545e-01 0.000000000000000000e+00 5.981239694000780757e-07 0.000000000000000000e+00 2.031961098771056795e-02 0.000000000000000000e+00 6.499776331320215872e-02 0.000000000000000000e+00 1.838365089408925421e-05 0.000000000000000000e+00 0.000000000000000000e+00 0.000000000000000000e+00 9.950659938775295935e-04 0.000000000000000000e+00 0.000000000000000000e+00 0.000000000000000000e+00 0.000000000000000000e+00 0.000000000000000000e+00 2.645098802620534512e-03 2.471932622206587070e-03 9.820145143929737662e-04
1.430000000000000000e+04 0.000000000000000000e+00 0.000000000000000000e+00 0.000000000000000000e+00 0.000000000000000000e+00 0.000000000000000000e+00 5.577772677784400022e-06 0.000000000000000000e+00 9.075639542184483766e-01 0.000000000000000000e+00 5.981239694000781816e-07 0.000000000000000000e+00 2.031961098771056795e-02 0.000000000000000000e+00 6.499776331320218647e-02 0.000000000000000000e+00 1.838365089408926098e-05 0.000000000000000000e+00 0.000000000000000000e+00 0.000000000000000000e+00 9.950659938775298103e-04 0.000000000000000000e+00 0.000000000000000000e+00 0.000000000000000000e+00 0.000000000000000000e+00 0.000000000000000000e+00 2.645098802620535379e-03 2.471932622206587070e-03 9.820145143929741999e-04
1.460000000000000000e+04 0.000000000000000000e+00 0.000000000000000000e+00 0.000000000000000000e+00 0.000000000000000000e+00 0.000000000000000000e+00 5.577772677784400869e-06 0.000000000000000000e+00 9.075639542184483766e-01 0.000000000000000000e+00 5.981239694000782874e-07 0.000000000000000000e+00 2.031961098771056795e-02 0.000000000000000000e+00 6.499776331320217260e-02 0.000000000000000000e+00 1.838365089408926098e-05 0.000000000000000000e+00 0.000000000000000000e+00 0.000000000000000000e+00 9.950659938775298103e-04 0.000000000000000000e+00 0.000000000000000000e+00 0.000000000000000000e+00 0.000000000000000000e+00 0.000000000000000000e+00 2.645098802620535379e-03 2.471932622206587504e-03 9.820145143929741999e-04
1.490000000000000000e+04 0.000000000000000000e+00 0.000000000000000000e+00 0.000000000000000000e+00 0.000000000000000000e+00 0.000000000000000000e+00 5.577772677784399175e-06 0.000000000000000000e+00 9.075639542184481545e-01 0.000000000000000000e+00 5.981239694000779698e-07 0.000000000000000000e+00 2.031961098771056101e-02 0.000000000000000000e+00 6.499776331320215872e-02 0.000000000000000000e+00 1.838365089408925082e-05 0.000000000000000000e+00 0.000000000000000000e+00 0.000000000000000000e+00 9.950659938775293766e-04 0.000000000000000000e+00 0.000000000000000000e+00 0.000000000000000000e+00 0.000000000000000000e+00 0.000000000000000000e+00 2.645098802620534512e-03 2.471932622206586636e-03 9.820145143929735494e-04
1.520000000000000000e+04 0.000000000000000000e+00 0.000000000000000000e+00 0.000000000000000000e+00 0.000000000000000000e+00 0.000000000000000000e+00 5.577772677784400869e-06 0.000000000000000000e+00 9.075639542184484876e-01 0.000000000000000000e+00 5.981239694000781816e-07 0.000000000000000000e+00 2.031961098771056795e-02 0.000000000000000000e+00 6.499776331320218647e-02 0.000000000000000000e+00 1.838365089408926098e-05 0.000000000000000000e+00 0.000000000000000000e+00 0.000000000000000000e+00 9.950659938775300271e-04 0.000000000000000000e+00 0.000000000000000000e+00 0.000000000000000000e+00 0.000000000000000000e+00 0.000000000000000000e+00 2.645098802620535379e-03 2.471932622206587504e-03 9.820145143929741999e-04
1.550000000000000000e+04 0.000000000000000000e+00 0.000000000000000000e+00 0.000000000000000000e+00 0.000000000000000000e+00 0.000000000000000000e+00 5.577772677784400022e-06 0.000000000000000000e+00 9.075639542184483766e-01 0.000000000000000000e+00 5.981239694000781816e-07 0.000000000000000000e+00 2.031961098771056795e-02 0.000000000000000000e+00 6.499776331320218647e-02 0.000000000000000000e+00 1.838365089408926098e-05 0.000000000000000000e+00 0.000000000000000000e+00 0.000000000000000000e+00 9.950659938775295935e-04 0.000000000000000000e+00 0.000000000000000000e+00 0.000000000000000000e+00 0.000000000000000000e+00 0.000000000000000000e+00 2.645098802620534512e-03 2.471932622206587070e-03 9.820145143929741999e-04
1.580000000000000000e+04 0.000000000000000000e+00 0.000000000000000000e+00 0.000000000000000000e+00 0.000000000000000000e+00 0.000000000000000000e+00 5.577772677784400869e-06 0.000000000000000000e+00 9.075639542184483766e-01 0.000000000000000000e+00 5.981239694000781816e-07 0.000000000000000000e+00 2.031961098771057142e-02 0.000000000000000000e+00 6.499776331320218647e-02 0.000000000000000000e+00 1.838365089408926098e-05 0.000000000000000000e+00 0.000000000000000000e+00 0.000000000000000000e+00 9.950659938775298103e-04 0.000000000000000000e+00 0.000000000000000000e+00 0.000000000000000000e+00 0.000000000000000000e+00 0.000000000000000000e+00 2.645098802620535379e-03 2.471932622206587504e-03 9.820145143929741999e-04
1.610000000000000000e+04 0.000000000000000000e+00 0.000000000000000000e+00 0.000000000000000000e+00 0.000000000000000000e+00 0.000000000000000000e+00 5.577772677784400022e-06 0.000000000000000000e+00 9.075639542184484876e-01 0.000000000000000000e+00 5.981239694000782874e-07 0.000000000000000000e+00 2.031961098771057142e-02 0.000000000000000000e+00 6.499776331320218647e-02 0.000000000000000000e+00 1.838365089408926098e-05 0.000000000000000000e+00 0.000000000000000000e+00 0.000000000000000000e+00 9.950659938775300271e-04 0.000000000000000000e+00 0.000000000000000000e+00 0.000000000000000000e+00 0.000000000000000000e+00 0.000000000000000000e+00 2.645098802620534945e-03 2.471932622206587504e-03 9.820145143929739830e-04
1.640000000000000000e+04 0.000000000000000000e+00 0.000000000000000000e+00 0.000000000000000000e+00 0.000000000000000000e+00 0.000000000000000000e+00 5.577772677784399175e-06 0.000000000000000000e+00 9.075639542184482655e-01 0.000000000000000000e+00 5.981239694000780757e-07 0.000000000000000000e+00 2.031961098771056101e-02 0.000000000000000000e+00 6.499776331320215872e-02 0.000000000000000000e+00 1.838365089408925421e-05 0.000000000000000000e+00 0.000000000000000000e+00 0.000000000000000000e+00 9.950659938775295935e-04 0.000000000000000000e+00 0.000000000000000000e+00 0.000000000000000000e+00 0.000000000000000000e+00 0.000000000000000000e+00 2.645098802620534512e-03 2.471932622206587070e-03 9.820145143929737662e-04
1.670000000000000000e+04 0.000000000000000000e+00 0.000000000000000000e+00 0.000000000000000000e+00 0.000000000000000000e+00 0.000000000000000000e+00 5.577772677784398328e-06 0.000000000000000000e+00 9.075639542184481545e-01 0.000000000000000000e+00 5.981239694000780757e-07 0.000000000000000000e+00 2.031961098771056448e-02 0.000000000000000000e+00 6.499776331320215872e-02 0.000000000000000000e+00 1.838365089408925082e-05 0.000000000000000000e+00 0.000000000000000000e+00 0.000000000000000000e+00 9.950659938775295935e-04 0.000000000000000000e+00 0.000000000000000000e+00 0.000000000000000000e+00 0.000000000000000000e+00 0.000000000000000000e+00 2.645098802620534512e-03 2.471932622206586636e-03 9.820145143929737662e-04
1.700000000000000000e+04 0.000000000000000000e+00 0.000000000000000000e+00 0.000000000000000000e+00 0.000000000000000000e+00 0.000000000000000000e+00 9.019995951553252955e-02 0.000000000000000000e+00 7.569628076661587546e-01 0.000000000000000000e+00 4.345484475346753778e-02 0.000000000000000000e+00 1.054788527103677348e-01 0.000000000000000000e+00 6.808536579918282410e-05 0.000000000000000000e+00 6.240805146019881664e-05 0.000000000000000000e+00 0.000000000000000000e+00 0.000000000000000000e+00 5.576368299837044032e-04 0.000000000000000000e+00 0.000000000000000000e+00 0.000000000000000000e+00 0.000000000000000000e+00 0.000000000000000000e+00 2.302267522475353548e-03 1.860946397902032219e-04 7.270429449647114158e-04
1.730000000000000000e+04 0.000000000000000000e+00 0.000000000000000000e+00 0.000000000000000000e+00 0.000000000000000000e+00 0.000000000000000000e+00 9.019995951553252955e-02 0.000000000000000000e+00 7.569628076661588656e-01 0.000000000000000000e+00 4.345484475346753778e-02 0.000000000000000000e+00 1.054788527103677487e-01 0.000000000000000000e+00 6.808536579918282410e-05 0.000000000000000000e+00 6.240805146019883019e-05 0.000000000000000000e+00 0.000000000000000000e+00 0.000000000000000000e+00 5.576368299837044032e-04 0.000000000000000000e+00 0.000000000000000000e+00 0.000000000000000000e+00 0.000000000000000000e+00 0.000000000000000000e+00 2.302267522475353548e-03 1.860946397902032761e-04 7.270429449647114158e-04
1.760000000000000000e+04 0.000000000000000000e+00 0.000000000000000000e+00 0.000000000000000000e+00 0.000000000000000000e+00 0.000000000000000000e+00 9.019995951553254343e-02 0.000000000000000000e+00 7.569628076661589766e-01 0.000000000000000000e+00 4.345484475346755165e-02 0.000000000000000000e+00 1.054788527103677348e-01 0.000000000000000000e+00 6.808536579918283765e-05 0.000000000000000000e+00 6.240805146019883019e-05 0.000000000000000000e+00 0.000000000000000000e+00 0.000000000000000000e+00 5.576368299837046200e-04 0.000000000000000000e+00 0.000000000000000000e+00 0.000000000000000000e+00 0.000000000000000000e+00 0.000000000000000000e+00 2.302267522475353982e-03 1.860946397902032490e-04 7.270429449647115242e-04
1.790000000000000000e+04 0.000000000000000000e+00 0.000000000000000000e+00 0.000000000000000000e+00 0.000000000000000000e+00 0.000000000000000000e+00 9.019995951553252955e-02 0.000000000000000000e+00 7.569628076661587546e-01 0.000000000000000000e+00 4.345484475346753778e-02 0.000000000000000000e+00 1.054788527103677348e-01 0.000000000000000000e+00 6.808536579918282410e-05 0.000000000000000000e+00 6.240805146019883019e-05 0.000000000000000000e+00 0.000000000000000000e+00 0.000000000000000000e+00 5.576368299837044032e-04 0.000000000000000000e+00 0.000000000000000000e+00 0.000000000000000000e+00 0.000000000000000000e+00 0.000000000000000000e+00 2.302267522475353548e-03 1.860946397902032490e-04 7.270429449647116326e-04
1.820000000000000000e+04 0.000000000000000000e+00 0.000000000000000000e+00 0.000000000000000000e+00 0.000000000000000000e+00 0.000000000000000000e+00 9.019995951553254343e-02 0.000000000000000000e+00 7.569628076661589766e-01 0.000000000000000000e+00 4.345484475346755165e-02 0.000000000000000000e+00 1.054788527103677348e-01 0.000000000000000000e+00 6.808536579918283765e-05 0.000000000000000000e+00 6.240805146019883019e-05 0.000000000000000000e+00 0.000000000000000000e+00 0.000000000000000000e+00 5.576368299837046200e-04 0.000000000000000000e+00 0.000000000000000000e+00 0.000000000000000000e+00 0.000000000000000000e+00 0.000000000000000000e+00 2.302267522475354416e-03 1.860946397902033032e-04 7.270429449647116326e-04
1.850000000000000000e+04 0.000000000000000000e+00 0.000000000000000000e+00 0.000000000000000000e+00 0.000000000000000000e+00 0.000000000000000000e+00 9.019995951553251567e-02 0.000000000000000000e+00 7.569628076661587546e-01 0.000000000000000000e+00 4.345484475346753778e-02 0.000000000000000000e+00 1.054788527103677070e-01 0.000000000000000000e+00 6.808536579918282410e-05 0.000000000000000000e+00 6.240805146019880309e-05 0.000000000000000000e+00 0.000000000000000000e+00 0.000000000000000000e+00 5.576368299837042948e-04 0.000000000000000000e+00 0.000000000000000000e+00 0.000000000000000000e+00 0.000000000000000000e+00 0.000000000000000000e+00 2.302267522475353115e-03 1.860946397902032490e-04 7.270429449647115242e-04
1.880000000000000000e+04 0.000000000000000000e+00 0.000000000000000000e+00 0.000000000000000000e+00 0.000000000000000000e+00 0.000000000000000000e+00 9.019995951553252955e-02 0.000000000000000000e+00 7.569628076661587546e-01 0.000000000000000000e+00 4.345484475346753778e-02 0.000000000000000000e+00 1.054788527103677209e-01 0.000000000000000000e+00 6.808536579918282410e-05 0.000000000000000000e+00 6.240805146019881664e-05 0.000000000000000000e+00 0.000000000000000000e+00 0.000000000000000000e+00 5.576368299837044032e-04 0.000000000000000000e+00 0.000000000000000000e+00 0.000000000000000000e+00 0.000000000000000000e+00 0.000000000000000000e+00 2.302267522475353548e-03 1.860946397902032761e-04 7.270429449647115242e-04
1.910000000000000000e+04 0.000000000000000000e+00 0.000000000000000000e+00 0.000000000000000000e+00 0.000000000000000000e+00 0.000000000000000000e+00 9.019995951553252955e-02 0.000000000000000000e+00 7.569628076661587546e-01 0.000000000000000000e+00 4.345484475346753778e-02 0.000000000000000000e+00 1.054788527103677626e-01 0.000000000000000000e+00 6.808536579918283765e-05 0.000000000000000000e+00 6.240805146019883019e-05 0.000000000000000000e+00 0.000000000000000000e+00 0.000000000000000000e+00 5.576368299837044032e-04 0.000000000000000000e+00 0.000000000000000000e+00 0.000000000000000000e+00 0.000000000000000000e+00 0.000000000000000000e+00 2.302267522475353982e-03 1.860946397902032490e-04 7.270429449647115242e-04
1.940000000000000000e+04 0.000000000000000000e+00 0.000000000000000000e+00 0.000000000000000000e+00 0.000000000000000000e+00 0.000000000000000000e+00 9.019995951553254343e-02 0.000000000000000000e+00 7.569628076661589766e-01 0.000000000000000000e+00 4.345484475346755165e-02 0.000000000000000000e+00 1.054788527103677348e-01 0.000000000000000000e+00 6.808536579918283765e-05 0.000000000000000000e+00 6.240805146019881664e-05 0.000000000000000000e+00 0.000000000000000000e+00 0.000000000000000000e+00 5.576368299837045116e-04 0.000000000000000000e+00 0.000000000000000000e+00 0.000000000000000000e+00 0.000000000000000000e+00 0.000000000000000000e+00 2.302267522475353548e-03 1.860946397902032490e-04 7.270429449647117411e-04
1.970000000000000000e+04 0.000000000000000000e+00 0.000000000000000000e+00 0.000000000000000000e+00 0.000000000000000000e+00 0.000000000000000000e+00 9.019995951553254343e-02 0.000000000000000000e+00 7.569628076661588656e-01 0.000000000000000000e+00 4.345484475346754472e-02 0.000000000000000000e+00 1.054788527103677348e-01 0.000000000000000000e+00 6.808536579918283765e-05 0.000000000000000000e+00 6.240805146019881664e-05 0.000000000000000000e+00 0.000000000000000000e+00 0.000000000000000000e+00 5.576368299837045116e-04 0.000000000000000000e+00 0.000000000000000000e+00 0.000000000000000000e+00 0.000000000000000000e+00 0.000000000000000000e+00 2.302267522475353548e-03 1.860946397902032761e-04 7.270429449647115242e-04
