3.500000000000000000e+03 0.000000000000000000e+00 0.000000000000000000e+00 0.000000000000000000e+00 0.000000000000000000e+00 0.000000000000000000e+00 1.122924182693741887e-05 0.000000000000000000e+00 1.968623871737410977e-02 0.000000000000000000e+00 2.678812147819077680e-06 0.000000000000000000e+00 2.570163068143675798e-04 0.000000000000000000e+00 5.775513541633894854e-02 0.000000000000000000e+00 1.922887281387915433e-04 0.000000000000000000e+00 0.000000000000000000e+00 0.000000000000000000e+00 2.713426611261027244e-02 0.000000000000000000e+00 0.000000000000000000e+00 0.000000000000000000e+00 0.000000000000000000e+00 0.000000000000000000e+00 3.708331178755577828e-01 2.304105461544278255e-01 2.937174826347632162e-01
3.800000000000000000e+03 0.000000000000000000e+00 0.000000000000000000e+00 0.000000000000000000e+00 0.000000000000000000e+00 0.000000000000000000e+00 1.122924182693741718e-05 0.000000000000000000e+00 1.968623871737410630e-02 0.000000000000000000e+00 2.678812147819077257e-06 0.000000000000000000e+00 2.570163068143675256e-04 0.000000000000000000e+00 5.775513541633894854e-02 0.000000000000000000e+00 1.922887281387915162e-04 0.000000000000000000e+00 0.000000000000000000e+00 0.000000000000000000e+00 2.713426611261027591e-02 0.000000000000000000e+00 0.000000000000000000e+00 0.000000000000000000e+00 0.000000000000000000e+00 0.000000000000000000e+00 3.708331178755578383e-01 2.304105461544277977e-01 2.937174826347631607e-01
4.100000000000000000e+03 0.000000000000000000e+00 0.000000000000000000e+00 0.000000000000000000e+00 0.000000000000000000e+00 0.000000000000000000e+00 1.122924182693741548e-05 0.000000000000000000e+00 1.968623871737410283e-02 0.000000000000000000e+00 2.678812147819077257e-06 0.000000000000000000e+00 2.570163068143674714e-04 0.000000000000000000e+00 5.775513541633893466e-02 0.000000000000000000e+00 1.922887281387915162e-04 0.000000000000000000e+00 0.000000000000000000e+00 0.000000000000000000e+00 2.713426611261026897e-02 0.000000000000000000e+00 0.000000000000000000e+00 0.000000000000000000e+00 0.000000000000000000e+00 0.000000000000000000e+00 3.708331178755578383e-01 2.304105461544277977e-01 2.937174826347631607e-01
4.400000000000000000e+03 0.000000000000000000e+00 0.000000000000000000e+00 0.000000000000000000e+00 0.000000000000000000e+00 0.000000000000000000e+00 1.122924182693741718e-05 0.000000000000000000e+00 1.968623871737410630e-02 0.000000000000000000e+00 2.678812147819077257e-06 0.000000000000000000e+00 2.570163068143675256e-04 0.000000000000000000e+00 5.775513541633894160e-02 0.000000000000000000e+00 1.922887281387915162e-04 0.000000000000000000e+00 0.000000000000000000e+00 0.000000000000000000e+00 2.713426611261027244e-02 0.000000000000000000e+00 0.000000000000000000e+00 0.000000000000000000e+00 0.000000000000000000e+00 0.000000000000000000e+00 3.708331178755577828e-01 2.304105461544277977e-01 2.937174826347631607e-01
4.700000000000000000e+03 0.000000000000000000e+00 0.000000000000000000e+00 0.000000000000000000e+00 0.000000000000000000e+00 0.000000000000000000e+00 1.122924182693742057e-05 0.000000000000000000e+00 1.968623871737410977e-02 0.000000000000000000e+00 2.678812147819077257e-06 0.000000000000000000e+00 2.570163068143675798e-04 0.000000000000000000e+00 5.775513541633894160e-02 0.000000000000000000e+00 1.922887281387915433e-04 0.000000000000000000e+00 0.000000000000000000e+00 0.000000000000000000e+00 2.713426611261027244e-02 0.000000000000000000e+00 0.000000000000000000e+00 0.000000000000000000e+00 0.000000000000000000e+00 0.000000000000000000e+00 3.708331178755577828e-01 2.304105461544278255e-01 2.937174826347632162e-01
5.000000000000000000e+03 0.000000000000000000e+00 0.000000000000000000e+00 0.000000000000000000e+00 0.000000000000000000e+00 0.000000000000000000e+00 1.122924182693741718e-05 0.000000000000000000e+00 1.968623871737410977e-02 0.000000000000000000e+00 2.678812147819077680e-06 0.000000000000000000e+00 2.570163068143675798e-04 0.000000000000000000e+00 5.775513541633894160e-02 0.000000000000000000e+00 1.922887281387915162e-04 0.000000000000000000e+00 0.000000000000000000e+00 0.000000000000000000e+00 2.713426611261027591e-02 0.000000000000000000e+00 0.000000000000000000e+00 0.000000000000000000e+00 0.000000000000000000e+00 0.000000000000000000e+00 3.708331178755578383e-01 2.304105461544278255e-01 2.937174826347632162e-01
5.300000000000000000e+03 0.000000000000000000e+00 0.000000000000000000e+00 0.000000000000000000e+00 0.000000000000000000e+00 0.000000000000000000e+00 1.122924182693741718e-05 0.000000000000000000e+00 1.968623871737410630e-02 0.000000000000000000e+00 2.678812147819077257e-06 0.000000000000000000e+00 2.570163068143675256e-04 0.000000000000000000e+00 5.775513541633894160e-02 0.000000000000000000e+00 1.922887281387915162e-04 0.000000000000000000e+00 0.000000000000000000e+00 0.000000000000000000e+00 2.713426611261026897e-02 0.000000000000000000e+00 0.000000000000000000e+00 0.000000000000000000e+00 0.000000000000000000e+00 0.000000000000000000e+00 3.708331178755577828e-01 2.304105461544277977e-01 2.937174826347631607e-01
5.600000000000000000e+03 0.000000000000000000e+00 0.000000000000000000e+00 0.000000000000000000e+00 0.000000000000000000e+00 0.000000000000000000e+00 1.122924182693741887e-05 0.000000000000000000e+00 1.968623871737410977e-02 0.000000000000000000e+00 2.678812147819077257e-06 0.000000000000000000e+00 2.570163068143675256e-04 0.000000000000000000e+00 5.775513541633893466e-02 0.000000000000000000e+00 1.922887281387915433e-04 0.000000000000000000e+00 0.000000000000000000e+00 0.000000000000000000e+00 2.713426611261027591e-02 0.000000000000000000e+00 0.000000000000000000e+00 0.000000000000000000e+00 0.000000000000000000e+00 0.000000000000000000e+00 3.708331178755577828e-01 2.304105461544277977e-01 2.937174826347632162e-01
5.900000000000000000e+03 0.000000000000000000e+00 0.000000000000000000e+00 0.000000000000000000e+00 0.000000000000000000e+00 0.000000000000000000e+00 1.122924182693741718e-05 0.000000000000000000e+00 1.968623871737410630e-02 0.000000000000000000e+00 2.678812147819077257e-06 0.000000000000000000e+00 2.570163068143675256e-04 0.000000000000000000e+00 5.775513541633894854e-02 0.000000000000000000e+00 1.922887281387915433e-04 0.000000000000000000e+00 0.000000000000000000e+00 0.000000000000000000e+00 2.713426611261027244e-02 0.000000000000000000e+00 0.000000000000000000e+00 0.000000000000000000e+00 0.000000000000000000e+00 0.000000000000000000e+00 3.708331178755577273e-01 2.304105461544277977e-01 2.937174826347632162e-01
6.200000000000000000e+03 0.000000000000000000e+00 0.000000000000000000e+00 0.000000000000000000e+00 0.000000000000000000e+00 0.000000000000000000e+00 1.122924182693741887e-05 0.000000000000000000e+00 1.968623871737410630e-02 0.000000000000000000e+00 2.678812147819077257e-06 0.000000000000000000e+00 2.570163068143675256e-04 0.000000000000000000e+00 5.775513541633894160e-02 0.000000000000000000e+00 1.922887281387915162e-04 0.000000000000000000e+00 0.000000000000000000e+00 0.000000000000000000e+00 2.713426611261027244e-02 0.000000000000000000e+00 0.000000000000000000e+00 0.000000000000000000e+00 0.000000000000000000e+00 0.000000000000000000e+00 3.708331178755577828e-01 2.304105461544277977e-01 2.937174826347632162e-01
6.500000000000000000e+03 0.000000000000000000e+00 0.000000000000000000e+00 0.000000000000000000e+00 0.000000000000000000e+00 0.000000000000000000e+00 1.122924182693741718e-05 0.000000000000000000e+00 1.968623871737410977e-02 0.000000000000000000e+00 2.678812147819077680e-06 0.000000000000000000e+00 2.570163068143675798e-04 0.000000000000000000e+00 5.775513541633894854e-02 0.000000000000000000e+00 1.922887281387915433e-04 0.000000000000000000e+00 0.000000000000000000e+00 0.000000000000000000e+00 2.713426611261027591e-02 0.000000000000000000e+00 0.000000000000000000e+00 0.000000000000000000e+00 0.000000000000000000e+00 0.000000000000000000e+00 3.708331178755578383e-01 2.304105461544278255e-01 2.937174826347632162e-01
6.800000000000000000e+03 0.000000000000000000e+00 0.000000000000000000e+00 0.000000000000000000e+00 0.000000000000000000e+00 0.000000000000000000e+00 1.122924182693741548e-05 0.000000000000000000e+00 1.968623871737410283e-02 0.000000000000000000e+00 2.678812147819076833e-06 0.000000000000000000e+00 2.570163068143675256e-04 0.000000000000000000e+00 5.775513541633892772e-02 0.000000000000000000e+00 1.922887281387915162e-04 0.000000000000000000e+00 0.000000000000000000e+00 0.000000000000000000e+00 2.713426611261027244e-02 0.000000000000000000e+00 0.000000000000000000e+00 0.000000000000000000e+00 0.000000000000000000e+00 0.000000000000000000e+00 3.708331178755577828e-01 2.304105461544277700e-01 2.937174826347631607e-01
7.100000000000000000e+03 0.000000000000000000e+00 0.000000000000000000e+00 0.000000000000000000e+00 0.000000000000000000e+00 0.000000000000000000e+00 1.003002758592618745e-05 0.000000000000000000e+00 2.008653184931117122e-02 0.000000000000000000e+00 2.963687276442224152e-06 0.000000000000000000e+00 6.484430137478002301e-03 0.000000000000000000e+00 3.802321220590354489e-01 0.000000000000000000e+00 1.685854270551275912e-03 0.000000000000000000e+00 0.000000000000000000e+00 0.000000000000000000e+00 4.366962080699533788e-02 0.000000000000000000e+00 0.000000000000000000e+00 0.000000000000000000e+00 0.000000000000000000e+00 0.000000000000000000e+00 2.328146385562740450e-01 2.036824160436605524e-01 1.113313925618318878e-01
7.400000000000000000e+03 0.000000000000000000e+00 0.000000000000000000e+00 0.000000000000000000e+00 0.000000000000000000e+00 0.000000000000000000e+00 1.003002758592618406e-05 0.000000000000000000e+00 2.008653184931116428e-02 0.000000000000000000e+00 2.963687276442223305e-06 0.000000000000000000e+00 6.484430137478000566e-03 0.000000000000000000e+00 3.802321220590353379e-01 0.000000000000000000e+00 1.685854270551275479e-03 0.000000000000000000e+00 0.000000000000000000e+00 0.000000000000000000e+00 4.366962080699533094e-02 0.000000000000000000e+00 0.000000000000000000e+00 0.000000000000000000e+00 0.000000000000000000e+00 0.000000000000000000e+00 2.328146385562739895e-01 2.036824160436605247e-01 1.113313925618319017e-01
7.700000000000000000e+03 0.000000000000000000e+00 0.000000000000000000e+00 0.000000000000000000e+00 0.000000000000000000e+00 0.000000000000000000e+00 1.003002758592618575e-05 0.000000000000000000e+00 2.008653184931116775e-02 0.000000000000000000e+00 2.963687276442223729e-06 0.000000000000000000e+00 6.484430137478001434e-03 0.000000000000000000e+00 3.802321220590353379e-01 0.000000000000000000e+00 1.685854270551275479e-03 0.000000000000000000e+00 0.000000000000000000e+00 0.000000000000000000e+00 4.366962080699534482e-02 0.000000000000000000e+00 0.000000000000000000e+00 0.000000000000000000e+00 0.000000000000000000e+00 0.000000000000000000e+00 2.328146385562740450e-01 2.036824160436604969e-01 1.113313925618319017e-01
8.000000000000000000e+03 0.000000000000000000e+00 0.000000000000000000e+00 0.000000000000000000e+00 0.000000000000000000e+00 0.000000000000000000e+00 1.003002758592618575e-05 0.000000000000000000e+00 2.008653184931116775e-02 0.000000000000000000e+00 2.963687276442223729e-06 0.000000000000000000e+00 6.484430137478000566e-03 0.000000000000000000e+00 3.802321220590353379e-01 0.000000000000000000e+00 1.685854270551275695e-03 0.000000000000000000e+00 0.000000000000000000e+00 0.000000000000000000e+00 4.366962080699533788e-02 0.000000000000000000e+00 0.000000000000000000e+00 0.000000000000000000e+00 0.000000000000000000e+00 0.000000000000000000e+00 2.328146385562739895e-01 2.036824160436605247e-01 1.113313925618319017e-01
8.300000000000000000e+03 0.000000000000000000e+00 0.000000000000000000e+00 0.000000000000000000e+00 0.000000000000000000e+00 0.000000000000000000e+00 1.003002758592618406e-05 0.000000000000000000e+00 2.008653184931116428e-02 0.000000000000000000e+00 2.963687276442222881e-06 0.000000000000000000e+00 6.484430137478000566e-03 0.000000000000000000e+00 3.802321220590352824e-01 0.000000000000000000e+00 1.685854270551275479e-03 0.000000000000000000e+00 0.000000000000000000e+00 0.000000000000000000e+00 4.366962080699533094e-02 0.000000000000000000e+00 0.000000000000000000e+00 0.000000000000000000e+00 0.000000000000000000e+00 0.000000000000000000e+00 2.328146385562740173e-01 2.036824160436604969e-01 1.113313925618318878e-01
8.600000000000000000e+03 0.000000000000000000e+00 0.000000000000000000e+00 0.000000000000000000e+00 0.000000000000000000e+00 0.000000000000000000e+00 1.003002758592618745e-05 0.000000000000000000e+00 2.008653184931117122e-02 0.000000000000000000e+00 2.963687276442224152e-06 0.000000000000000000e+00 6.484430137478002301e-03 0.000000000000000000e+00 3.802321220590353379e-01 0.000000000000000000e+00 1.685854270551275479e-03 0.000000000000000000e+00 0.000000000000000000e+00 0.000000000000000000e+00 4.366962080699535176e-02 0.000000000000000000e+00 0.000000000000000000e+00 0.000000000000000000e+00 0.000000000000000000e+00 0.000000000000000000e+00 2.328146385562740450e-01 2.036824160436605802e-01 1.113313925618319294e-01
8.900000000000000000e+03 0.000000000000000000e+00 0.000000000000000000e+00 0.000000000000000000e+00 0.000000000000000000e+00 0.000000000000000000e+00 1.003002758592618745e-05 0.000000000000000000e+00 2.008653184931116775e-02 0.000000000000000000e+00 2.963687276442223729e-06 0.000000000000000000e+00 6.484430137478000566e-03 0.000000000000000000e+00 3.802321220590353379e-01 0.000000000000000000e+00 1.685854270551275479e-03 0.000000000000000000e+00 0.000000000000000000e+00 0.000000000000000000e+00 4.366962080699533094e-02 0.000000000000000000e+00 0.000000000000000000e+00 0.000000000000000000e+00 0.000000000000000000e+00 0.000000000000000000e+00 2.328146385562739895e-01 2.036824160436605524e-01 1.113313925618319017e-01
9.200000000000000000e+03 0.000000000000000000e+00 0.000000000000000000e+00 0.000000000000000000e+00 0.000000000000000000e+00 0.000000000000000000e+00 1.003002758592618745e-05 0.000000000000000000e+00 2.008653184931116775e-02 0.000000000000000000e+00 2.963687276442223729e-06 0.000000000000000000e+00 6.484430137478001434e-03 0.000000000000000000e+00 3.802321220590353379e-01 0.000000000000000000e+00 1.685854270551275695e-03 0.000000000000000000e+00 0.000000000000000000e+00 0.000000000000000000e+00 4.366962080699534482e-02 0.000000000000000000e+00 0.000000000000000000e+00 0.000000000000000000e+00 0.000000000000000000e+00 0.000000000000000000e+00 2.328146385562740173e-01 2.036824160436605524e-01 1.113313925618319017e-01
9.500000000000000000e+03 0.000000000000000000e+00 0.000000000000000000e+00 0.000000000000000000e+00 0.000000000000000000e+00 0.000000000000000000e+00 1.003002758592618575e-05 0.000000000000000000e+00 2.008653184931116428e-02 0.000000000000000000e+00 2.963687276442223729e-06 0.000000000000000000e+00 6.484430137478000566e-03 0.000000000000000000e+00 3.802321220590353934e-01 0.000000000000000000e+00 1.685854270551275695e-03 0.000000000000000000e+00 0.000000000000000000e+00 0.000000000000000000e+00 4.366962080699534482e-02 0.000000000000000000e+00 0.000000000000000000e+00 0.000000000000000000e+00 0.000000000000000000e+00 0.000000000000000000e+00 2.328146385562740173e-01 2.036824160436605524e-01 1.113313925618319017e-01
9.800000000000000000e+03 0.000000000000000000e+00 0.000000000000000000e+00 0.000000000000000000e+00 0.000000000000000000e+00 0.000000000000000000e+00 1.003002758592618575e-05 0.000000000000000000e+00 2.008653184931117122e-02 0.000000000000000000e+00 2.963687276442224152e-06 0.000000000000000000e+00 6.484430137478001434e-03 0.000000000000000000e+00 3.802321220590353934e-01 0.000000000000000000e+00 1.685854270551275695e-03 0.000000000000000000e+00 0.000000000000000000e+00 0.000000000000000000e+00 4.366962080699533788e-02 0.000000000000000000e+00 0.000000000000000000e+00 0.000000000000000000e+00 0.000000000000000000e+00 0.000000000000000000e+00 2.328146385562740450e-01 2.036824160436605802e-01 1.113313925618319017e-01
1.010000000000000000e+04 0.000000000000000000e+00 0.000000000000000000e+00 0.000000000000000000e+00 0.000000000000000000e+00 0.000000000000000000e+00 3.697809281069839649e-06 0.000000000000000000e+00 5.569276724378109319e-03 0.000000000000000000e+00 7.885995129845269192e-07 0.000000000000000000e+00 1.790175787228383275e-01 0.000000000000000000e+00 5.323037840267978993e-01 0.000000000000000000e+00 1.224821978995370292e-01 0.000000000000000000e+00 0.000000000000000000e+00 0.000000000000000000e+00 8.223071338571778799e-02 0.000000000000000000e+00 0.000000000000000000e+00 0.000000000000000000e+00 0.000000000000000000e+00 0.000000000000000000e+00 3.061489207593483947e-02 4.434912224386308721e-02 3.427948512138782444e-03
1.040000000000000000e+04 0.000000000000000000e+00 0.000000000000000000e+00 0.000000000000000000e+00 0.000000000000000000e+00 0.000000000000000000e+00 3.697809281069840496e-06 0.000000000000000000e+00 5.569276724378110187e-03 0.000000000000000000e+00 7.885995129845272369e-07 0.000000000000000000e+00 1.790175787228383830e-01 0.000000000000000000e+00 5.323037840267978993e-01 0.000000000000000000e+00 1.224821978995370569e-01 0.000000000000000000e+00 0.000000000000000000e+00 0.000000000000000000e+00 8.223071338571781574e-02 0.000000000000000000e+00 0.000000000000000000e+00 0.000000000000000000e+00 0.000000000000000000e+00 0.000000000000000000e+00 3.061489207593484987e-02 4.434912224386309415e-02 3.427948512138783311e-03
1.070000000000000000e+04 0.000000000000000000e+00 0.000000000000000000e+00 0.000000000000000000e+00 0.000000000000000000e+00 0.000000000000000000e+00 3.697809281069839649e-06 0.000000000000000000e+00 5.569276724378108452e-03 0.000000000000000000e+00 7.885995129845270251e-07 0.000000000000000000e+00 1.790175787228383553e-01 0.000000000000000000e+00 5.323037840267978993e-01 0.000000000000000000e+00 1.224821978995370431e-01 0.000000000000000000e+00 0.000000000000000000e+00 0.000000000000000000e+00 8.223071338571780187e-02 0.000000000000000000e+00 0.000000000000000000e+00 0.000000000000000000e+00 0.000000000000000000e+00 0.000000000000000000e+00 3.061489207593484294e-02 4.434912224386308721e-02 3.427948512138782444e-03
1.100000000000000000e+04 0.000000000000000000e+00 0.000000000000000000e+00 0.000000000000000000e+00 0.000000000000000000e+00 0.000000000000000000e+00 3.697809281069840496e-06 0.000000000000000000e+00 5.569276724378108452e-03 0.000000000000000000e+00 7.885995129845271310e-07 0.000000000000000000e+00 1.790175787228383830e-01 0.000000000000000000e+00 5.323037840267978993e-01 0.000000000000000000e+00 1.224821978995370569e-01 0.000000000000000000e+00 0.000000000000000000e+00 0.000000000000000000e+00 8.223071338571781574e-02 0.000000000000000000e+00 0.000000000000000000e+00 0.000000000000000000e+00 0.000000000000000000e+00 0.000000000000000000e+00 3.061489207593484294e-02 4.434912224386309415e-02 3.427948512138782877e-03
1.130000000000000000e+04 0.000000000000000000e+00 0.000000000000000000e+00 0.000000000000000000e+00 0.000000000000000000e+00 0.000000000000000000e+00 3.697809281069840496e-06 0.000000000000000000e+00 5.569276724378109319e-03 0.000000000000000000e+00 7.885995129845270251e-07 0.000000000000000000e+00 1.790175787228383553e-01 0.000000000000000000e+00 5.323037840267978993e-01 0.000000000000000000e+00 1.224821978995370431e-01 0.000000000000000000e+00 0.000000000000000000e+00 0.000000000000000000e+00 8.223071338571780187e-02 0.000000000000000000e+00 0.000000000000000000e+00 0.000000000000000000e+00 0.000000000000000000e+00 0.000000000000000000e+00 3.061489207593484294e-02 4.434912224386308027e-02 3.427948512138782444e-03
1.160000000000000000e+04 0.000000000000000000e+00 0.000000000000000000e+00 0.000000000000000000e+00 0.000000000000000000e+00 0.000000000000000000e+00 3.697809281069838802e-06 0.000000000000000000e+00 5.569276724378107585e-03 0.000000000000000000e+00 7.885995129845268134e-07 0.000000000000000000e+00 1.790175787228383275e-01 0.000000000000000000e+00 5.323037840267978993e-01 0.000000000000000000e+00 1.224821978995370153e-01 0.000000000000000000e+00 0.000000000000000000e+00 0.000000000000000000e+00 8.223071338571778799e-02 0.000000000000000000e+00 0.000000000000000000e+00 0.000000000000000000e+00 0.000000000000000000e+00 0.000000000000000000e+00 3.061489207593484294e-02 4.434912224386307333e-02 3.427948512138782444e-03
1.190000000000000000e+04 0.000000000000000000e+00 0.000000000000000000e+00 0.000000000000000000e+00 0.000000000000000000e+00 0.000000000000000000e+00 3.697809281069840496e-06 0.000000000000000000e+00 5.569276724378109319e-03 0.000000000000000000e+00 7.885995129845271310e-07 0.000000000000000000e+00 1.790175787228383553e-01 0.000000000000000000e+00 5.323037840267978993e-01 0.000000000000000000e+00 1.224821978995370708e-01 0.000000000000000000e+00 0.000000000000000000e+00 0.000000000000000000e+00 8.223071338571780187e-02 0.000000000000000000e+00 0.000000000000000000e+00 0.000000000000000000e+00 0.000000000000000000e+00 0.000000000000000000e+00 3.061489207593484987e-02 4.434912224386310109e-02 3.427948512138783311e-03
1.220000000000000000e+04 0.000000000000000000e+00 0.000000000000000000e+00 0.000000000000000000e+00 0.000000000000000000e+00 0.000000000000000000e+00 3.697809281069840072e-06 0.000000000000000000e+00 5.569276724378109319e-03 0.000000000000000000e+00 7.885995129845270251e-07 0.000000000000000000e+00 1.790175787228383275e-01 0.000000000000000000e+00 5.323037840267978993e-01 0.000000000000000000e+00 1.224821978995370292e-01 0.000000000000000000e+00 0.000000000000000000e+00 0.000000000000000000e+00 8.223071338571778799e-02 0.000000000000000000e+00 0.000000000000000000e+00 0.000000000000000000e+00 0.000000000000000000e+00 0.000000000000000000e+00 3.061489207593484294e-02 4.434912224386308027e-02 3.427948512138782444e-03
1.250000000000000000e+04 0.000000000000000000e+00 0.000000000000000000e+00 0.000000000000000000e+00 0.000000000000000000e+00 0.000000000000000000e+00 3.697809281069840072e-06 0.000000000000000000e+00 5.569276724378109319e-03 0.000000000000000000e+00 7.885995129845270251e-07 0.000000000000000000e+00 1.790175787228383553e-01 0.000000000000000000e+00 5.323037840267978993e-01 0.000000000000000000e+00 1.224821978995370569e-01 0.000000000000000000e+00 0.000000000000000000e+00 0.000000000000000000e+00 8.223071338571780187e-02 0.000000000000000000e+00 0.000000000000000000e+00 0.000000000000000000e+00 0.000000000000000000e+00 0.000000000000000000e+00 3.061489207593484640e-02 4.434912224386309415e-02 3.427948512138782877e-03
1.280000000000000000e+04 0.000000000000000000e+00 0.000000000000000000e+00 0.000000000000000000e+00 0.000000000000000000e+00 0.000000000000000000e+00 3.697809281069840072e-06 0.000000000000000000e+00 5.569276724378109319e-03 0.000000000000000000e+00 7.885995129845270251e-07 0.000000000000000000e+00 1.790175787228383275e-01 0.000000000000000000e+00 5.323037840267978993e-01 0.000000000000000000e+00 1.224821978995370431e-01 0.000000000000000000e+00 0.000000000000000000e+00 0.000000000000000000e+00 8.223071338571781574e-02 0.000000000000000000e+00 0.000000000000000000e+00 0.000000000000000000e+00 0.000000000000000000e+00 0.000000000000000000e+00 3.061489207593484294e-02 4.434912224386309415e-02 3.427948512138782444e-03
1.310000000000000000e+04 0.000000000000000000e+00 0.000000000000000000e+00 0.000000000000000000e+00 0.000000000000000000e+00 0.000000000000000000e+00 5.838887822927657979e-06 0.000000000000000000e+00 9.125147343916156784e-01 0.000000000000000000e+00 6.091273889030504689e-07 0.000000000000000000e+00 1.640121827842334554e-02 0.000000000000000000e+00 6.312604443313422908e-02 0.000000000000000000e+00 1.881199469263367664e-05 0.000000000000000000e+00 0.000000000000000000e+00 0.000000000000000000e+00 1.189887771733154744e-03 0.000000000000000000e+00 0.000000000000000000e+00 0.000000000000000000e+00 0.000000000000000000e+00 0.000000000000000000e+00 2.689883356752346532e-03 3.188807277075754801e-03 8.641644813609563594e-04
1.340000000000000000e+04 0.000000000000000000e+00 0.000000000000000000e+00 0.000000000000000000e+00 0.000000000000000000e+00 0.000000000000000000e+00 5.838887822927657132e-06 0.000000000000000000e+00 9.125147343916156784e-01 0.000000000000000000e+00 6.091273889030504689e-07 0.000000000000000000e+00 1.640121827842334901e-02 0.000000000000000000e+00 6.312604443313421521e-02 0.000000000000000000e+00 1.881199469263368003e-05 0.000000000000000000e+00 0.000000000000000000e+00 0.000000000000000000e+00 1.189887771733154744e-03 0.000000000000000000e+00 0.000000000000000000e+00 0.000000000000000000e+00 0.000000000000000000e+00 0.000000000000000000e+00 2.689883356752346966e-03 3.188807277075754801e-03 8.641644813609563594e-04
1.370000000000000000e+04 0.000000000000000000e+00 0.000000000000000000e+00 0.000000000000000000e+00 0.000000000000000000e+00 0.000000000000000000e+00 5.838887822927660520e-06 0.000000000000000000e+00 9.125147343916159004e-01 0.000000000000000000e+00 6.091273889030505747e-07 0.000000000000000000e+00 1.640121827842335248e-02 0.000000000000000000e+00 6.312604443313422908e-02 0.000000000000000000e+00 1.881199469263368341e-05 0.000000000000000000e+00 0.000000000000000000e+00 0.000000000000000000e+00 1.189887771733155178e-03 0.000000000000000000e+00 0.000000000000000000e+00 0.000000000000000000e+00 0.000000000000000000e+00 0.000000000000000000e+00 2.689883356752347399e-03 3.188807277075755668e-03 8.641644813609565762e-04
1.400000000000000000e+04 0.000000000000000000e+00 0.000000000000000000e+00 0.000000000000000000e+00 0.000000000000000000e+00 0.000000000000000000e+00 5.838887822927658826e-06 0.000000000000000000e+00 9.125147343916156784e-01 0.000000000000000000e+00 6.091273889030505747e-07 0.000000000000000000e+00 1.640121827842334901e-02 0.000000000000000000e+00 6.312604443313422908e-02 0.000000000000000000e+00 1.881199469263368341e-05 0.000000000000000000e+00 0.000000000000000000e+00 0.000000000000000000e+00 1.189887771733154744e-03 0.000000000000000000e+00 0.000000000000000000e+00 0.000000000000000000e+00 0.000000000000000000e+00 0.000000000000000000e+00 2.689883356752346966e-03 3.188807277075755234e-03 8.641644813609562509e-04
1.430000000000000000e+04 0.000000000000000000e+00 0.000000000000000000e+00 0.000000000000000000e+00 0.000000000000000000e+00 0.000000000000000000e+00 5.838887822927659673e-06 0.000000000000000000e+00 9.125147343916157894e-01 0.000000000000000000e+00 6.091273889030506806e-07 0.000000000000000000e+00 1.640121827842335248e-02 0.000000000000000000e+00 6.312604443313422908e-02 0.000000000000000000e+00 1.881199469263368341e-05 0.000000000000000000e+00 0.000000000000000000e+00 0.000000000000000000e+00 1.189887771733154744e-03 0.000000000000000000e+00 0.000000000000000000e+00 0.000000000000000000e+00 0.000000000000000000e+00 0.000000000000000000e+00 2.689883356752347833e-03 3.188807277075754801e-03 8.641644813609566846e-04
1.460000000000000000e+04 0.000000000000000000e+00 0.000000000000000000e+00 0.000000000000000000e+00 0.000000000000000000e+00 0.000000000000000000e+00 5.838887822927657979e-06 0.000000000000000000e+00 9.125147343916156784e-01 0.000000000000000000e+00 6.091273889030504689e-07 0.000000000000000000e+00 1.640121827842334901e-02 0.000000000000000000e+00 6.312604443313421521e-02 0.000000000000000000e+00 1.881199469263368003e-05 0.000000000000000000e+00 0.000000000000000000e+00 0.000000000000000000e+00 1.189887771733154744e-03 0.000000000000000000e+00 0.000000000000000000e+00 0.000000000000000000e+00 0.000000000000000000e+00 0.000000000000000000e+00 2.689883356752347399e-03 3.188807277075754801e-03 8.641644813609564678e-04
1.490000000000000000e+04 0.000000000000000000e+00 0.000000000000000000e+00 0.000000000000000000e+00 0.000000000000000000e+00 0.000000000000000000e+00 5.838887822927658826e-06 0.000000000000000000e+00 9.125147343916156784e-01 0.000000000000000000e+00 6.091273889030505747e-07 0.000000000000000000e+00 1.640121827842334901e-02 0.000000000000000000e+00 6.312604443313421521e-02 0.000000000000000000e+00 1.881199469263368003e-05 0.000000000000000000e+00 0.000000000000000000e+00 0.000000000000000000e+00 1.189887771733154744e-03 0.000000000000000000e+00 0.000000000000000000e+00 0.000000000000000000e+00 0.000000000000000000e+00 0.000000000000000000e+00 2.689883356752347399e-03 3.188807277075755234e-03 8.641644813609564678e-04
1.520000000000000000e+04 0.000000000000000000e+00 0.000000000000000000e+00 0.000000000000000000e+00 0.000000000000000000e+00 0.000000000000000000e+00 5.838887822927657979e-06 0.000000000000000000e+00 9.125147343916155673e-01 0.000000000000000000e+00 6.091273889030504689e-07 0.000000000000000000e+00 1.640121827842334554e-02 0.000000000000000000e+00 6.312604443313420133e-02 0.000000000000000000e+00 1.881199469263368003e-05 0.000000000000000000e+00 0.000000000000000000e+00 0.000000000000000000e+00 1.189887771733154527e-03 0.000000000000000000e+00 0.000000000000000000e+00 0.000000000000000000e+00 0.000000000000000000e+00 0.000000000000000000e+00 2.689883356752346532e-03 3.188807277075754801e-03 8.641644813609563594e-04
1.550000000000000000e+04 0.000000000000000000e+00 0.000000000000000000e+00 0.000000000000000000e+00 0.000000000000000000e+00 0.000000000000000000e+00 5.838887822927657979e-06 0.000000000000000000e+00 9.125147343916156784e-01 0.000000000000000000e+00 6.091273889030505747e-07 0.000000000000000000e+00 1.640121827842334901e-02 0.000000000000000000e+00 6.312604443313421521e-02 0.000000000000000000e+00 1.881199469263368003e-05 0.000000000000000000e+00 0.000000000000000000e+00 0.000000000000000000e+00 1.189887771733154527e-03 0.000000000000000000e+00 0.000000000000000000e+00 0.000000000000000000e+00 0.000000000000000000e+00 0.000000000000000000e+00 2.689883356752346966e-03 3.188807277075754801e-03 8.641644813609564678e-04
1.580000000000000000e+04 0.000000000000000000e+00 0.000000000000000000e+00 0.000000000000000000e+00 0.000000000000000000e+00 0.000000000000000000e+00 5.838887822927659673e-06 0.000000000000000000e+00 9.125147343916159004e-01 0.000000000000000000e+00 6.091273889030506806e-07 0.000000000000000000e+00 1.640121827842335248e-02 0.000000000000000000e+00 6.312604443313422908e-02 0.000000000000000000e+00 1.881199469263368341e-05 0.000000000000000000e+00 0.000000000000000000e+00 0.000000000000000000e+00 1.189887771733154961e-03 0.000000000000000000e+00 0.000000000000000000e+00 0.000000000000000000e+00 0.000000000000000000e+00 0.000000000000000000e+00 2.689883356752347833e-03 3.188807277075755234e-03 8.641644813609566846e-04
1.610000000000000000e+04 0.000000000000000000e+00 0.000000000000000000e+00 0.000000000000000000e+00 0.000000000000000000e+00 0.000000000000000000e+00 5.838887822927658826e-06 0.000000000000000000e+00 9.125147343916157894e-01 0.000000000000000000e+00 6.091273889030506806e-07 0.000000000000000000e+00 1.640121827842334901e-02 0.000000000000000000e+00 6.312604443313422908e-02 0.000000000000000000e+00 1.881199469263368341e-05 0.000000000000000000e+00 0.000000000000000000e+00 0.000000000000000000e+00 1.189887771733154961e-03 0.000000000000000000e+00 0.000000000000000000e+00 0.000000000000000000e+00 0.000000000000000000e+00 0.000000000000000000e+00 2.689883356752347833e-03 3.188807277075754801e-03 8.641644813609566846e-04
1.640000000000000000e+04 0.000000000000000000e+00 0.000000000000000000e+00 0.000000000000000000e+00 0.000000000000000000e+00 0.000000000000000000e+00 5.838887822927659673e-06 0.000000000000000000e+00 9.125147343916159004e-01 0.000000000000000000e+00 6.091273889030506806e-07 0.000000000000000000e+00 1.640121827842335248e-02 0.000000000000000000e+00 6.312604443313422908e-02 0.000000000000000000e+00 1.881199469263368680e-05 0.000000000000000000e+00 0.000000000000000000e+00 0.000000000000000000e+00 1.189887771733154961e-03 0.000000000000000000e+00 0.000000000000000000e+00 0.000000000000000000e+00 0.000000000000000000e+00 0.000000000000000000e+00 2.689883356752347833e-03 3.188807277075755668e-03 8.641644813609566846e-04
1.670000000000000000e+04 0.000000000000000000e+00 0.000000000000000000e+00 0.000000000000000000e+00 0.000000000000000000e+00 0.000000000000000000e+00 5.838887822927659673e-06 0.000000000000000000e+00 9.125147343916156784e-01 0.000000000000000000e+00 6.091273889030506806e-07 0.000000000000000000e+00 1.640121827842335248e-02 0.000000000000000000e+00 6.312604443313422908e-02 0.000000000000000000e+00 1.881199469263368341e-05 0.000000000000000000e+00 0.000000000000000000e+00 0.000000000000000000e+00 1.189887771733154961e-03 0.000000000000000000e+00 0.000000000000000000e+00 0.000000000000000000e+00 0.000000000000000000e+00 0.000000000000000000e+00 2.689883356752347833e-03 3.188807277075755234e-03 8.641644813609565762e-04
1.700000000000000000e+04 0.000000000000000000e+00 0.000000000000000000e+00 0.000000000000000000e+00 0.000000000000000000e+00 0.000000000000000000e+00 5.227078581200047397e-02 0.000000000000000000e+00 8.112337178887407685e-01 0.000000000000000000e+00 2.711333772002960316e-02 0.000000000000000000e+00 1.079181822660907758e-01 0.000000000000000000e+00 3.861992934308937933e-05 0.000000000000000000e+00 3.732767910962385882e-05 0.000000000000000000e+00 0.000000000000000000e+00 0.000000000000000000e+00 2.420799217334946760e-04 0.000000000000000000e+00 0.000000000000000000e+00 0.000000000000000000e+00 0.000000000000000000e+00 0.000000000000000000e+00 7.682581966251172999e-04 9.878181682679958717e-05 2.789087695002676168e-04
1.730000000000000000e+04 0.000000000000000000e+00 0.000000000000000000e+00 0.000000000000000000e+00 0.000000000000000000e+00 0.000000000000000000e+00 5.227078581200046703e-02 0.000000000000000000e+00 8.112337178887406575e-01 0.000000000000000000e+00 2.711333772002959969e-02 0.000000000000000000e+00 1.079181822660907897e-01 0.000000000000000000e+00 3.861992934308937256e-05 0.000000000000000000e+00 3.732767910962385204e-05 0.000000000000000000e+00 0.000000000000000000e+00 0.000000000000000000e+00 2.420799217334946489e-04 0.000000000000000000e+00 0.000000000000000000e+00 0.000000000000000000e+00 0.000000000000000000e+00 0.000000000000000000e+00 7.682581966251172999e-04 9.878181682679958717e-05 2.789087695002675626e-04
1.760000000000000000e+04 0.000000000000000000e+00 0.000000000000000000e+00 0.000000000000000000e+00 0.000000000000000000e+00 0.000000000000000000e+00 5.227078581200048091e-02 0.000000000000000000e+00 8.112337178887408795e-01 0.000000000000000000e+00 2.711333772002960663e-02 0.000000000000000000e+00 1.079181822660907897e-01 0.000000000000000000e+00 3.861992934308937933e-05 0.000000000000000000e+00 3.732767910962386560e-05 0.000000000000000000e+00 0.000000000000000000e+00 0.000000000000000000e+00 2.420799217334946760e-04 0.000000000000000000e+00 0.000000000000000000e+00 0.000000000000000000e+00 0.000000000000000000e+00 0.000000000000000000e+00 7.682581966251174083e-04 9.878181682679960073e-05 2.789087695002676168e-04
1.790000000000000000e+04 0.000000000000000000e+00 0.000000000000000000e+00 0.000000000000000000e+00 0.000000000000000000e+00 0.000000000000000000e+00 5.227078581200046703e-02 0.000000000000000000e+00 8.112337178887406575e-01 0.000000000000000000e+00 2.711333772002960316e-02 0.000000000000000000e+00 1.079181822660907758e-01 0.000000000000000000e+00 3.861992934308937256e-05 0.000000000000000000e+00 3.732767910962385204e-05 0.000000000000000000e+00 0.000000000000000000e+00 0.000000000000000000e+00 2.420799217334946489e-04 0.000000000000000000e+00 0.000000000000000000e+00 0.000000000000000000e+00 0.000000000000000000e+00 0.000000000000000000e+00 7.682581966251172999e-04 9.878181682679957362e-05 2.789087695002675626e-04
1.820000000000000000e+04 0.000000000000000000e+00 0.000000000000000000e+00 0.000000000000000000e+00 0.000000000000000000e+00 0.000000000000000000e+00 5.227078581200046703e-02 0.000000000000000000e+00 8.112337178887406575e-01 0.000000000000000000e+00 2.711333772002960316e-02 0.000000000000000000e+00 1.079181822660907758e-01 0.000000000000000000e+00 3.861992934308937256e-05 0.000000000000000000e+00 3.732767910962385204e-05 0.000000000000000000e+00 0.000000000000000000e+00 0.000000000000000000e+00 2.420799217334946489e-04 0.000000000000000000e+00 0.000000000000000000e+00 0.000000000000000000e+00 0.000000000000000000e+00 0.000000000000000000e+00 7.682581966251174083e-04 9.878181682679958717e-05 2.789087695002675626e-04
1.850000000000000000e+04 0.000000000000000000e+00 0.000000000000000000e+00 0.000000000000000000e+00 0.000000000000000000e+00 0.000000000000000000e+00 5.227078581200048091e-02 0.000000000000000000e+00 8.112337178887407685e-01 0.000000000000000000e+00 2.711333772002961010e-02 0.000000000000000000e+00 1.079181822660907897e-01 0.000000000000000000e+00 3.861992934308938611e-05 0.000000000000000000e+00 3.732767910962386560e-05 0.000000000000000000e+00 0.000000000000000000e+00 0.000000000000000000e+00 2.420799217334946760e-04 0.000000000000000000e+00 0.000000000000000000e+00 0.000000000000000000e+00 0.000000000000000000e+00 0.000000000000000000e+00 7.682581966251172999e-04 9.878181682679960073e-05 2.789087695002676168e-04
1.880000000000000000e+04 0.000000000000000000e+00 0.000000000000000000e+00 0.000000000000000000e+00 0.000000000000000000e+00 0.000000000000000000e+00 5.227078581200048785e-02 0.000000000000000000e+00 8.112337178887407685e-01 0.000000000000000000e+00 2.711333772002960316e-02 0.000000000000000000e+00 1.079181822660907619e-01 0.000000000000000000e+00 3.861992934308937933e-05 0.000000000000000000e+00 3.732767910962386560e-05 0.000000000000000000e+00 0.000000000000000000e+00 0.000000000000000000e+00 2.420799217334946760e-04 0.000000000000000000e+00 0.000000000000000000e+00 0.000000000000000000e+00 0.000000000000000000e+00 0.000000000000000000e+00 7.682581966251172999e-04 9.878181682679960073e-05 2.789087695002676168e-04
1.910000000000000000e+04 0.000000000000000000e+00 0.000000000000000000e+00 0.000000000000000000e+00 0.000000000000000000e+00 0.000000000000000000e+00 5.227078581200048091e-02 0.000000000000000000e+00 8.112337178887408795e-01 0.000000000000000000e+00 2.711333772002961010e-02 0.000000000000000000e+00 1.079181822660907758e-01 0.000000000000000000e+00 3.861992934308937933e-05 0.000000000000000000e+00 3.732767910962386560e-05 0.000000000000000000e+00 0.000000000000000000e+00 0.000000000000000000e+00 2.420799217334946760e-04 0.000000000000000000e+00 0.000000000000000000e+00 0.000000000000000000e+00 0.000000000000000000e+00 0.000000000000000000e+00 7.682581966251174083e-04 9.878181682679960073e-05 2.789087695002676168e-04
1.940000000000000000e+04 0.000000000000000000e+00 0.000000000000000000e+00 0.000000000000000000e+00 0.000000000000000000e+00 0.000000000000000000e+00 5.227078581200048091e-02 0.000000000000000000e+00 8.112337178887406575e-01 0.000000000000000000e+00 2.711333772002960316e-02 0.000000000000000000e+00 1.079181822660907758e-01 0.000000000000000000e+00 3.861992934308937256e-05 0.000000000000000000e+00 3.732767910962385882e-05 0.000000000000000000e+00 0.000000000000000000e+00 0.000000000000000000e+00 2.420799217334946489e-04 0.000000000000000000e+00 0.000000000000000000e+00 0.000000000000000000e+00 0.000000000000000000e+00 0.000000000000000000e+00 7.682581966251174083e-04 9.878181682679958717e-05 2.789087695002676168e-04
1.970000000000000000e+04 0.000000000000000000e+00 0.000000000000000000e+00 0.000000000000000000e+00 0.000000000000000000e+00 0.000000000000000000e+00 5.227078581200048091e-02 0.000000000000000000e+00 8.112337178887407685e-01 0.000000000000000000e+00 2.711333772002960663e-02 0.000000000000000000e+00 1.079181822660907897e-01 0.000000000000000000e+00 3.861992934308938611e-05 0.000000000000000000e+00 3.732767910962386560e-05 0.000000000000000000e+00 0.000000000000000000e+00 0.000000000000000000e+00 2.420799217334947031e-04 0.000000000000000000e+00 0.000000000000000000e+00 0.000000000000000000e+00 0.000000000000000000e+00 0.000000000000000000e+00 7.682581966251174083e-04 9.878181682679962783e-05 2.789087695002676168e-04
