3.500000000000000000e+03 0.000000000000000000e+00 0.000000000000000000e+00 0.000000000000000000e+00 0.000000000000000000e+00 0.000000000000000000e+00 8.969084740417006539e-06 0.000000000000000000e+00 1.668289818317001544e-02 0.000000000000000000e+00 2.219854387023482236e-06 0.000000000000000000e+00 2.114112384956104668e-04 0.000000000000000000e+00 4.274375517814080899e-02 0.000000000000000000e+00 1.579272177757572876e-04 0.000000000000000000e+00 0.000000000000000000e+00 0.000000000000000000e+00 2.058039766377939284e-02 0.000000000000000000e+00 0.000000000000000000e+00 0.000000000000000000e+00 0.000000000000000000e+00 0.000000000000000000e+00 3.057222984319180603e-01 2.142372691994524625e-01 3.996528539481404296e-01
3.800000000000000000e+03 0.000000000000000000e+00 0.000000000000000000e+00 0.000000000000000000e+00 0.000000000000000000e+00 0.000000000000000000e+00 8.969084740417006539e-06 0.000000000000000000e+00 1.668289818317001544e-02 0.000000000000000000e+00 2.219854387023482236e-06 0.000000000000000000e+00 2.114112384956104668e-04 0.000000000000000000e+00 4.274375517814080899e-02 0.000000000000000000e+00 1.579272177757573147e-04 0.000000000000000000e+00 0.000000000000000000e+00 0.000000000000000000e+00 2.058039766377938937e-02 0.000000000000000000e+00 0.000000000000000000e+00 0.000000000000000000e+00 0.000000000000000000e+00 0.000000000000000000e+00 3.057222984319181158e-01 2.142372691994524625e-01 3.996528539481404296e-01
4.100000000000000000e+03 0.000000000000000000e+00 0.000000000000000000e+00 0.000000000000000000e+00 0.000000000000000000e+00 0.000000000000000000e+00 8.969084740417008233e-06 0.000000000000000000e+00 1.668289818317001544e-02 0.000000000000000000e+00 2.219854387023482236e-06 0.000000000000000000e+00 2.114112384956104668e-04 0.000000000000000000e+00 4.274375517814081593e-02 0.000000000000000000e+00 1.579272177757572876e-04 0.000000000000000000e+00 0.000000000000000000e+00 0.000000000000000000e+00 2.058039766377938937e-02 0.000000000000000000e+00 0.000000000000000000e+00 0.000000000000000000e+00 0.000000000000000000e+00 0.000000000000000000e+00 3.057222984319180603e-01 2.142372691994524903e-01 3.996528539481404296e-01
4.400000000000000000e+03 0.000000000000000000e+00 0.000000000000000000e+00 0.000000000000000000e+00 0.000000000000000000e+00 0.000000000000000000e+00 8.969084740417004845e-06 0.000000000000000000e+00 1.668289818317001197e-02 0.000000000000000000e+00 2.219854387023481812e-06 0.000000000000000000e+00 2.114112384956104396e-04 0.000000000000000000e+00 4.274375517814080899e-02 0.000000000000000000e+00 1.579272177757572605e-04 0.000000000000000000e+00 0.000000000000000000e+00 0.000000000000000000e+00 2.058039766377938590e-02 0.000000000000000000e+00 0.000000000000000000e+00 0.000000000000000000e+00 0.000000000000000000e+00 0.000000000000000000e+00 3.057222984319180603e-01 2.142372691994524347e-01 3.996528539481404296e-01
4.700000000000000000e+03 0.000000000000000000e+00 0.000000000000000000e+00 0.000000000000000000e+00 0.000000000000000000e+00 0.000000000000000000e+00 8.969084740417006539e-06 0.000000000000000000e+00 1.668289818317001544e-02 0.000000000000000000e+00 2.219854387023481812e-06 0.000000000000000000e+00 2.114112384956104396e-04 0.000000000000000000e+00 4.274375517814080205e-02 0.000000000000000000e+00 1.579272177757572605e-04 0.000000000000000000e+00 0.000000000000000000e+00 0.000000000000000000e+00 2.058039766377939284e-02 0.000000000000000000e+00 0.000000000000000000e+00 0.000000000000000000e+00 0.000000000000000000e+00 0.000000000000000000e+00 3.057222984319180603e-01 2.142372691994524070e-01 3.996528539481404296e-01
5.000000000000000000e+03 0.000000000000000000e+00 0.000000000000000000e+00 0.000000000000000000e+00 0.000000000000000000e+00 0.000000000000000000e+00 8.969084740417004845e-06 0.000000000000000000e+00 1.668289818317001544e-02 0.000000000000000000e+00 2.219854387023482236e-06 0.000000000000000000e+00 2.114112384956104668e-04 0.000000000000000000e+00 4.274375517814080899e-02 0.000000000000000000e+00 1.579272177757572605e-04 0.000000000000000000e+00 0.000000000000000000e+00 0.000000000000000000e+00 2.058039766377939284e-02 0.000000000000000000e+00 0.000000000000000000e+00 0.000000000000000000e+00 0.000000000000000000e+00 0.000000000000000000e+00 3.057222984319181158e-01 2.142372691994524625e-01 3.996528539481404296e-01
5.300000000000000000e+03 0.000000000000000000e+00 0.000000000000000000e+00 0.000000000000000000e+00 0.000000000000000000e+00 0.000000000000000000e+00 8.969084740417006539e-06 0.000000000000000000e+00 1.668289818317001544e-02 0.000000000000000000e+00 2.219854387023481812e-06 0.000000000000000000e+00 2.114112384956104939e-04 0.000000000000000000e+00 4.274375517814080899e-02 0.000000000000000000e+00 1.579272177757573147e-04 0.000000000000000000e+00 0.000000000000000000e+00 0.000000000000000000e+00 2.058039766377938937e-02 0.000000000000000000e+00 0.000000000000000000e+00 0.000000000000000000e+00 0.000000000000000000e+00 0.000000000000000000e+00 3.057222984319180603e-01 2.142372691994524347e-01 3.996528539481404296e-01
5.600000000000000000e+03 0.000000000000000000e+00 0.000000000000000000e+00 0.000000000000000000e+00 0.000000000000000000e+00 0.000000000000000000e+00 8.969084740417006539e-06 0.000000000000000000e+00 1.668289818317001544e-02 0.000000000000000000e+00 2.219854387023481812e-06 0.000000000000000000e+00 2.114112384956104668e-04 0.000000000000000000e+00 4.274375517814080205e-02 0.000000000000000000e+00 1.579272177757572605e-04 0.000000000000000000e+00 0.000000000000000000e+00 0.000000000000000000e+00 2.058039766377938937e-02 0.000000000000000000e+00 0.000000000000000000e+00 0.000000000000000000e+00 0.000000000000000000e+00 0.000000000000000000e+00 3.057222984319181158e-01 2.142372691994524347e-01 3.996528539481403741e-01
5.900000000000000000e+03 0.000000000000000000e+00 0.000000000000000000e+00 0.000000000000000000e+00 0.000000000000000000e+00 0.000000000000000000e+00 8.969084740417004845e-06 0.000000000000000000e+00 1.668289818317001544e-02 0.000000000000000000e+00 2.219854387023481812e-06 0.000000000000000000e+00 2.114112384956104396e-04 0.000000000000000000e+00 4.274375517814080899e-02 0.000000000000000000e+00 1.579272177757572605e-04 0.000000000000000000e+00 0.000000000000000000e+00 0.000000000000000000e+00 2.058039766377938937e-02 0.000000000000000000e+00 0.000000000000000000e+00 0.000000000000000000e+00 0.000000000000000000e+00 0.000000000000000000e+00 3.057222984319181158e-01 2.142372691994524625e-01 3.996528539481403741e-01
6.200000000000000000e+03 0.000000000000000000e+00 0.000000000000000000e+00 0.000000000000000000e+00 0.000000000000000000e+00 0.000000000000000000e+00 8.969084740417006539e-06 0.000000000000000000e+00 1.668289818317001197e-02 0.000000000000000000e+00 2.219854387023482236e-06 0.000000000000000000e+00 2.114112384956104939e-04 0.000000000000000000e+00 4.274375517814080899e-02 0.000000000000000000e+00 1.579272177757572605e-04 0.000000000000000000e+00 0.000000000000000000e+00 0.000000000000000000e+00 2.058039766377938937e-02 0.000000000000000000e+00 0.000000000000000000e+00 0.000000000000000000e+00 0.000000000000000000e+00 0.000000000000000000e+00 3.057222984319181158e-01 2.142372691994524625e-01 3.996528539481403741e-01
6.500000000000000000e+03 0.000000000000000000e+00 0.000000000000000000e+00 0.000000000000000000e+00 0.000000000000000000e+00 0.000000000000000000e+00 8.969084740417006539e-06 0.000000000000000000e+00 1.668289818317001197e-02 0.000000000000000000e+00 2.219854387023482236e-06 0.000000000000000000e+00 2.114112384956104668e-04 0.000000000000000000e+00 4.274375517814080205e-02 0.000000000000000000e+00 1.579272177757572876e-04 0.000000000000000000e+00 0.000000000000000000e+00 0.000000000000000000e+00 2.058039766377938937e-02 0.000000000000000000e+00 0.000000000000000000e+00 0.000000000000000000e+00 0.000000000000000000e+00 0.000000000000000000e+00 3.057222984319180603e-01 2.142372691994524625e-01 3.996528539481404296e-01
6.800000000000000000e+03 0.000000000000000000e+00 0.000000000000000000e+00 0.000000000000000000e+00 0.000000000000000000e+00 0.000000000000000000e+00 8.969084740417006539e-06 0.000000000000000000e+00 1.668289818317001544e-02 0.000000000000000000e+00 2.219854387023481812e-06 0.000000000000000000e+00 2.114112384956104668e-04 0.000000000000000000e+00 4.274375517814080899e-02 0.000000000000000000e+00 1.579272177757572876e-04 0.000000000000000000e+00 0.000000000000000000e+00 0.000000000000000000e+00 2.058039766377939631e-02 0.000000000000000000e+00 0.000000000000000000e+00 0.000000000000000000e+00 0.000000000000000000e+00 0.000000000000000000e+00 3.057222984319181158e-01 2.142372691994524347e-01 3.996528539481403741e-01
7.100000000000000000e+03 0.000000000000000000e+00 0.000000000000000000e+00 0.000000000000000000e+00 0.000000000000000000e+00 0.000000000000000000e+00 1.003091430122220984e-05 0.000000000000000000e+00 1.922406856866097982e-02 0.000000000000000000e+00 2.923160129359695422e-06 0.000000000000000000e+00 5.805782449816703633e-03 0.000000000000000000e+00 1.478753072348922559e-01 0.000000000000000000e+00 1.519180711541761892e-03 0.000000000000000000e+00 0.000000000000000000e+00 0.000000000000000000e+00 3.774081086475469110e-02 0.000000000000000000e+00 0.000000000000000000e+00 0.000000000000000000e+00 0.000000000000000000e+00 0.000000000000000000e+00 4.313285230035013296e-01 2.838657406225122970e-01 7.262763246988944432e-02
7.400000000000000000e+03 0.000000000000000000e+00 0.000000000000000000e+00 0.000000000000000000e+00 0.000000000000000000e+00 0.000000000000000000e+00 1.003091430122220645e-05 0.000000000000000000e+00 1.922406856866097635e-02 0.000000000000000000e+00 2.923160129359694999e-06 0.000000000000000000e+00 5.805782449816702766e-03 0.000000000000000000e+00 1.478753072348922004e-01 0.000000000000000000e+00 1.519180711541761675e-03 0.000000000000000000e+00 0.000000000000000000e+00 0.000000000000000000e+00 3.774081086475468416e-02 0.000000000000000000e+00 0.000000000000000000e+00 0.000000000000000000e+00 0.000000000000000000e+00 0.000000000000000000e+00 4.313285230035012741e-01 2.838657406225122970e-01 7.262763246988944432e-02
7.700000000000000000e+03 0.000000000000000000e+00 0.000000000000000000e+00 0.000000000000000000e+00 0.000000000000000000e+00 0.000000000000000000e+00 1.003091430122220645e-05 0.000000000000000000e+00 1.922406856866097982e-02 0.000000000000000000e+00 2.923160129359695422e-06 0.000000000000000000e+00 5.805782449816701898e-03 0.000000000000000000e+00 1.478753072348922004e-01 0.000000000000000000e+00 1.519180711541761675e-03 0.000000000000000000e+00 0.000000000000000000e+00 0.000000000000000000e+00 3.774081086475468416e-02 0.000000000000000000e+00 0.000000000000000000e+00 0.000000000000000000e+00 0.000000000000000000e+00 0.000000000000000000e+00 4.313285230035012741e-01 2.838657406225122970e-01 7.262763246988944432e-02
8.000000000000000000e+03 0.000000000000000000e+00 0.000000000000000000e+00 0.000000000000000000e+00 0.000000000000000000e+00 0.000000000000000000e+00 1.003091430122220815e-05 0.000000000000000000e+00 1.922406856866097982e-02 0.000000000000000000e+00 2.923160129359694999e-06 0.000000000000000000e+00 5.805782449816701898e-03 0.000000000000000000e+00 1.478753072348922004e-01 0.000000000000000000e+00 1.519180711541761892e-03 0.000000000000000000e+00 0.000000000000000000e+00 0.000000000000000000e+00 3.774081086475468416e-02 0.000000000000000000e+00 0.000000000000000000e+00 0.000000000000000000e+00 0.000000000000000000e+00 0.000000000000000000e+00 4.313285230035012741e-01 2.838657406225122970e-01 7.262763246988944432e-02
8.300000000000000000e+03 0.000000000000000000e+00 0.000000000000000000e+00 0.000000000000000000e+00 0.000000000000000000e+00 0.000000000000000000e+00 1.003091430122220645e-05 0.000000000000000000e+00 1.922406856866097635e-02 0.000000000000000000e+00 2.923160129359695422e-06 0.000000000000000000e+00 5.805782449816702766e-03 0.000000000000000000e+00 1.478753072348922004e-01 0.000000000000000000e+00 1.519180711541761458e-03 0.000000000000000000e+00 0.000000000000000000e+00 0.000000000000000000e+00 3.774081086475468416e-02 0.000000000000000000e+00 0.000000000000000000e+00 0.000000000000000000e+00 0.000000000000000000e+00 0.000000000000000000e+00 4.313285230035013296e-01 2.838657406225122415e-01 7.262763246988944432e-02
8.600000000000000000e+03 0.000000000000000000e+00 0.000000000000000000e+00 0.000000000000000000e+00 0.000000000000000000e+00 0.000000000000000000e+00 1.003091430122220815e-05 0.000000000000000000e+00 1.922406856866097982e-02 0.000000000000000000e+00 2.923160129359695422e-06 0.000000000000000000e+00 5.805782449816702766e-03 0.000000000000000000e+00 1.478753072348922004e-01 0.000000000000000000e+00 1.519180711541761675e-03 0.000000000000000000e+00 0.000000000000000000e+00 0.000000000000000000e+00 3.774081086475469110e-02 0.000000000000000000e+00 0.000000000000000000e+00 0.000000000000000000e+00 0.000000000000000000e+00 0.000000000000000000e+00 4.313285230035013296e-01 2.838657406225123525e-01 7.262763246988945820e-02
8.900000000000000000e+03 0.000000000000000000e+00 0.000000000000000000e+00 0.000000000000000000e+00 0.000000000000000000e+00 0.000000000000000000e+00 1.003091430122220815e-05 0.000000000000000000e+00 1.922406856866097982e-02 0.000000000000000000e+00 2.923160129359694999e-06 0.000000000000000000e+00 5.805782449816703633e-03 0.000000000000000000e+00 1.478753072348922282e-01 0.000000000000000000e+00 1.519180711541761675e-03 0.000000000000000000e+00 0.000000000000000000e+00 0.000000000000000000e+00 3.774081086475469110e-02 0.000000000000000000e+00 0.000000000000000000e+00 0.000000000000000000e+00 0.000000000000000000e+00 0.000000000000000000e+00 4.313285230035012741e-01 2.838657406225123525e-01 7.262763246988944432e-02
9.200000000000000000e+03 0.000000000000000000e+00 0.000000000000000000e+00 0.000000000000000000e+00 0.000000000000000000e+00 0.000000000000000000e+00 1.003091430122220815e-05 0.000000000000000000e+00 1.922406856866097982e-02 0.000000000000000000e+00 2.923160129359695422e-06 0.000000000000000000e+00 5.805782449816702766e-03 0.000000000000000000e+00 1.478753072348922282e-01 0.000000000000000000e+00 1.519180711541761892e-03 0.000000000000000000e+00 0.000000000000000000e+00 0.000000000000000000e+00 3.774081086475469804e-02 0.000000000000000000e+00 0.000000000000000000e+00 0.000000000000000000e+00 0.000000000000000000e+00 0.000000000000000000e+00 4.313285230035013296e-01 2.838657406225122415e-01 7.262763246988945820e-02
9.500000000000000000e+03 0.000000000000000000e+00 0.000000000000000000e+00 0.000000000000000000e+00 0.000000000000000000e+00 0.000000000000000000e+00 1.003091430122220645e-05 0.000000000000000000e+00 1.922406856866097982e-02 0.000000000000000000e+00 2.923160129359695422e-06 0.000000000000000000e+00 5.805782449816702766e-03 0.000000000000000000e+00 1.478753072348922004e-01 0.000000000000000000e+00 1.519180711541761675e-03 0.000000000000000000e+00 0.000000000000000000e+00 0.000000000000000000e+00 3.774081086475469110e-02 0.000000000000000000e+00 0.000000000000000000e+00 0.000000000000000000e+00 0.000000000000000000e+00 0.000000000000000000e+00 4.313285230035012741e-01 2.838657406225122970e-01 7.262763246988945820e-02
9.800000000000000000e+03 0.000000000000000000e+00 0.000000000000000000e+00 0.000000000000000000e+00 0.000000000000000000e+00 0.000000000000000000e+00 1.003091430122220815e-05 0.000000000000000000e+00 1.922406856866097982e-02 0.000000000000000000e+00 2.923160129359695422e-06 0.000000000000000000e+00 5.805782449816703633e-03 0.000000000000000000e+00 1.478753072348922282e-01 0.000000000000000000e+00 1.519180711541761892e-03 0.000000000000000000e+00 0.000000000000000000e+00 0.000000000000000000e+00 3.774081086475469110e-02 0.000000000000000000e+00 0.000000000000000000e+00 0.000000000000000000e+00 0.000000000000000000e+00 0.000000000000000000e+00 4.313285230035013296e-01 2.838657406225122970e-01 7.262763246988945820e-02
1.010000000000000000e+04 0.000000000000000000e+00 0.000000000000000000e+00 0.000000000000000000e+00 0.000000000000000000e+00 0.000000000000000000e+00 4.333464598928273363e-06 0.000000000000000000e+00 6.334852385756743580e-03 0.000000000000000000e+00 9.749044808477225645e-07 0.000000000000000000e+00 1.047224411439722919e-01 0.000000000000000000e+00 6.111399238034163073e-01 0.000000000000000000e+00 1.269162014695900675e-01 0.000000000000000000e+00 0.000000000000000000e+00 0.000000000000000000e+00 8.330510931028084487e-02 0.000000000000000000e+00 0.000000000000000000e+00 0.000000000000000000e+00 0.000000000000000000e+00 0.000000000000000000e+00 3.680419350786034993e-02 2.703967066433549116e-02 3.732299345708265520e-03
1.040000000000000000e+04 0.000000000000000000e+00 0.000000000000000000e+00 0.000000000000000000e+00 0.000000000000000000e+00 0.000000000000000000e+00 4.333464598928274210e-06 0.000000000000000000e+00 6.334852385756743580e-03 0.000000000000000000e+00 9.749044808477225645e-07 0.000000000000000000e+00 1.047224411439722919e-01 0.000000000000000000e+00 6.111399238034161963e-01 0.000000000000000000e+00 1.269162014695900953e-01 0.000000000000000000e+00 0.000000000000000000e+00 0.000000000000000000e+00 8.330510931028084487e-02 0.000000000000000000e+00 0.000000000000000000e+00 0.000000000000000000e+00 0.000000000000000000e+00 0.000000000000000000e+00 3.680419350786035687e-02 2.703967066433549116e-02 3.732299345708265520e-03
1.070000000000000000e+04 0.000000000000000000e+00 0.000000000000000000e+00 0.000000000000000000e+00 0.000000000000000000e+00 0.000000000000000000e+00 4.333464598928273363e-06 0.000000000000000000e+00 6.334852385756742713e-03 0.000000000000000000e+00 9.749044808477223527e-07 0.000000000000000000e+00 1.047224411439722780e-01 0.000000000000000000e+00 6.111399238034161963e-01 0.000000000000000000e+00 1.269162014695900675e-01 0.000000000000000000e+00 0.000000000000000000e+00 0.000000000000000000e+00 8.330510931028084487e-02 0.000000000000000000e+00 0.000000000000000000e+00 0.000000000000000000e+00 0.000000000000000000e+00 0.000000000000000000e+00 3.680419350786034299e-02 2.703967066433548769e-02 3.732299345708265086e-03
1.100000000000000000e+04 0.000000000000000000e+00 0.000000000000000000e+00 0.000000000000000000e+00 0.000000000000000000e+00 0.000000000000000000e+00 4.333464598928273363e-06 0.000000000000000000e+00 6.334852385756742713e-03 0.000000000000000000e+00 9.749044808477225645e-07 0.000000000000000000e+00 1.047224411439722919e-01 0.000000000000000000e+00 6.111399238034163073e-01 0.000000000000000000e+00 1.269162014695900675e-01 0.000000000000000000e+00 0.000000000000000000e+00 0.000000000000000000e+00 8.330510931028084487e-02 0.000000000000000000e+00 0.000000000000000000e+00 0.000000000000000000e+00 0.000000000000000000e+00 0.000000000000000000e+00 3.680419350786034993e-02 2.703967066433548769e-02 3.732299345708265520e-03
1.130000000000000000e+04 0.000000000000000000e+00 0.000000000000000000e+00 0.000000000000000000e+00 0.000000000000000000e+00 0.000000000000000000e+00 4.333464598928273363e-06 0.000000000000000000e+00 6.334852385756741845e-03 0.000000000000000000e+00 9.749044808477223527e-07 0.000000000000000000e+00 1.047224411439722919e-01 0.000000000000000000e+00 6.111399238034161963e-01 0.000000000000000000e+00 1.269162014695900675e-01 0.000000000000000000e+00 0.000000000000000000e+00 0.000000000000000000e+00 8.330510931028083099e-02 0.000000000000000000e+00 0.000000000000000000e+00 0.000000000000000000e+00 0.000000000000000000e+00 0.000000000000000000e+00 3.680419350786034299e-02 2.703967066433548422e-02 3.732299345708265520e-03
1.160000000000000000e+04 0.000000000000000000e+00 0.000000000000000000e+00 0.000000000000000000e+00 0.000000000000000000e+00 0.000000000000000000e+00 4.333464598928274210e-06 0.000000000000000000e+00 6.334852385756742713e-03 0.000000000000000000e+00 9.749044808477225645e-07 0.000000000000000000e+00 1.047224411439722919e-01 0.000000000000000000e+00 6.111399238034161963e-01 0.000000000000000000e+00 1.269162014695900675e-01 0.000000000000000000e+00 0.000000000000000000e+00 0.000000000000000000e+00 8.330510931028084487e-02 0.000000000000000000e+00 0.000000000000000000e+00 0.000000000000000000e+00 0.000000000000000000e+00 0.000000000000000000e+00 3.680419350786035687e-02 2.703967066433549116e-02 3.732299345708265954e-03
1.190000000000000000e+04 0.000000000000000000e+00 0.000000000000000000e+00 0.000000000000000000e+00 0.000000000000000000e+00 0.000000000000000000e+00 4.333464598928273363e-06 0.000000000000000000e+00 6.334852385756742713e-03 0.000000000000000000e+00 9.749044808477223527e-07 0.000000000000000000e+00 1.047224411439722780e-01 0.000000000000000000e+00 6.111399238034161963e-01 0.000000000000000000e+00 1.269162014695900675e-01 0.000000000000000000e+00 0.000000000000000000e+00 0.000000000000000000e+00 8.330510931028083099e-02 0.000000000000000000e+00 0.000000000000000000e+00 0.000000000000000000e+00 0.000000000000000000e+00 0.000000000000000000e+00 3.680419350786034299e-02 2.703967066433548422e-02 3.732299345708265086e-03
1.220000000000000000e+04 0.000000000000000000e+00 0.000000000000000000e+00 0.000000000000000000e+00 0.000000000000000000e+00 0.000000000000000000e+00 4.333464598928274210e-06 0.000000000000000000e+00 6.334852385756742713e-03 0.000000000000000000e+00 9.749044808477223527e-07 0.000000000000000000e+00 1.047224411439722919e-01 0.000000000000000000e+00 6.111399238034161963e-01 0.000000000000000000e+00 1.269162014695900675e-01 0.000000000000000000e+00 0.000000000000000000e+00 0.000000000000000000e+00 8.330510931028084487e-02 0.000000000000000000e+00 0.000000000000000000e+00 0.000000000000000000e+00 0.000000000000000000e+00 0.000000000000000000e+00 3.680419350786034299e-02 2.703967066433548422e-02 3.732299345708265520e-03
1.250000000000000000e+04 0.000000000000000000e+00 0.000000000000000000e+00 0.000000000000000000e+00 0.000000000000000000e+00 0.000000000000000000e+00 4.333464598928273363e-06 0.000000000000000000e+00 6.334852385756742713e-03 0.000000000000000000e+00 9.749044808477223527e-07 0.000000000000000000e+00 1.047224411439722641e-01 0.000000000000000000e+00 6.111399238034161963e-01 0.000000000000000000e+00 1.269162014695900398e-01 0.000000000000000000e+00 0.000000000000000000e+00 0.000000000000000000e+00 8.330510931028081711e-02 0.000000000000000000e+00 0.000000000000000000e+00 0.000000000000000000e+00 0.000000000000000000e+00 0.000000000000000000e+00 3.680419350786034299e-02 2.703967066433548422e-02 3.732299345708264653e-03
1.280000000000000000e+04 0.000000000000000000e+00 0.000000000000000000e+00 0.000000000000000000e+00 0.000000000000000000e+00 0.000000000000000000e+00 4.333464598928273363e-06 0.000000000000000000e+00 6.334852385756741845e-03 0.000000000000000000e+00 9.749044808477225645e-07 0.000000000000000000e+00 1.047224411439722919e-01 0.000000000000000000e+00 6.111399238034163073e-01 0.000000000000000000e+00 1.269162014695900675e-01 0.000000000000000000e+00 0.000000000000000000e+00 0.000000000000000000e+00 8.330510931028084487e-02 0.000000000000000000e+00 0.000000000000000000e+00 0.000000000000000000e+00 0.000000000000000000e+00 0.000000000000000000e+00 3.680419350786034993e-02 2.703967066433549116e-02 3.732299345708265954e-03
1.310000000000000000e+04 0.000000000000000000e+00 0.000000000000000000e+00 0.000000000000000000e+00 0.000000000000000000e+00 0.000000000000000000e+00 6.360630592217618584e-06 0.000000000000000000e+00 9.284821834911178851e-01 0.000000000000000000e+00 6.257862734076839195e-07 0.000000000000000000e+00 1.353232732496760689e-02 0.000000000000000000e+00 4.999512269542275705e-02 0.000000000000000000e+00 1.996665341629103987e-05 0.000000000000000000e+00 0.000000000000000000e+00 0.000000000000000000e+00 1.405483067112702454e-03 0.000000000000000000e+00 0.000000000000000000e+00 0.000000000000000000e+00 0.000000000000000000e+00 0.000000000000000000e+00 2.641467304326816992e-03 3.217953850651282446e-03 6.985091961189235539e-04
1.340000000000000000e+04 0.000000000000000000e+00 0.000000000000000000e+00 0.000000000000000000e+00 0.000000000000000000e+00 0.000000000000000000e+00 6.360630592217619431e-06 0.000000000000000000e+00 9.284821834911179961e-01 0.000000000000000000e+00 6.257862734076838136e-07 0.000000000000000000e+00 1.353232732496760689e-02 0.000000000000000000e+00 4.999512269542276399e-02 0.000000000000000000e+00 1.996665341629104325e-05 0.000000000000000000e+00 0.000000000000000000e+00 0.000000000000000000e+00 1.405483067112702671e-03 0.000000000000000000e+00 0.000000000000000000e+00 0.000000000000000000e+00 0.000000000000000000e+00 0.000000000000000000e+00 2.641467304326817860e-03 3.217953850651282879e-03 6.985091961189236623e-04
1.370000000000000000e+04 0.000000000000000000e+00 0.000000000000000000e+00 0.000000000000000000e+00 0.000000000000000000e+00 0.000000000000000000e+00 6.360630592217621972e-06 0.000000000000000000e+00 9.284821834911182181e-01 0.000000000000000000e+00 6.257862734076840253e-07 0.000000000000000000e+00 1.353232732496761383e-02 0.000000000000000000e+00 4.999512269542277093e-02 0.000000000000000000e+00 1.996665341629105003e-05 0.000000000000000000e+00 0.000000000000000000e+00 0.000000000000000000e+00 1.405483067112703105e-03 0.000000000000000000e+00 0.000000000000000000e+00 0.000000000000000000e+00 0.000000000000000000e+00 0.000000000000000000e+00 2.641467304326818293e-03 3.217953850651283313e-03 6.985091961189239876e-04
1.400000000000000000e+04 0.000000000000000000e+00 0.000000000000000000e+00 0.000000000000000000e+00 0.000000000000000000e+00 0.000000000000000000e+00 6.360630592217621125e-06 0.000000000000000000e+00 9.284821834911181071e-01 0.000000000000000000e+00 6.257862734076839195e-07 0.000000000000000000e+00 1.353232732496761209e-02 0.000000000000000000e+00 4.999512269542276399e-02 0.000000000000000000e+00 1.996665341629104664e-05 0.000000000000000000e+00 0.000000000000000000e+00 0.000000000000000000e+00 1.405483067112702671e-03 0.000000000000000000e+00 0.000000000000000000e+00 0.000000000000000000e+00 0.000000000000000000e+00 0.000000000000000000e+00 2.641467304326817860e-03 3.217953850651282879e-03 6.985091961189236623e-04
1.430000000000000000e+04 0.000000000000000000e+00 0.000000000000000000e+00 0.000000000000000000e+00 0.000000000000000000e+00 0.000000000000000000e+00 6.360630592217618584e-06 0.000000000000000000e+00 9.284821834911177740e-01 0.000000000000000000e+00 6.257862734076838136e-07 0.000000000000000000e+00 1.353232732496760515e-02 0.000000000000000000e+00 4.999512269542275705e-02 0.000000000000000000e+00 1.996665341629103648e-05 0.000000000000000000e+00 0.000000000000000000e+00 0.000000000000000000e+00 1.405483067112702454e-03 0.000000000000000000e+00 0.000000000000000000e+00 0.000000000000000000e+00 0.000000000000000000e+00 0.000000000000000000e+00 2.641467304326816992e-03 3.217953850651282012e-03 6.985091961189235539e-04
1.460000000000000000e+04 0.000000000000000000e+00 0.000000000000000000e+00 0.000000000000000000e+00 0.000000000000000000e+00 0.000000000000000000e+00 6.360630592217619431e-06 0.000000000000000000e+00 9.284821834911178851e-01 0.000000000000000000e+00 6.257862734076839195e-07 0.000000000000000000e+00 1.353232732496760862e-02 0.000000000000000000e+00 4.999512269542276399e-02 0.000000000000000000e+00 1.996665341629103987e-05 0.000000000000000000e+00 0.000000000000000000e+00 0.000000000000000000e+00 1.405483067112702671e-03 0.000000000000000000e+00 0.000000000000000000e+00 0.000000000000000000e+00 0.000000000000000000e+00 0.000000000000000000e+00 2.641467304326816992e-03 3.217953850651282446e-03 6.985091961189236623e-04
1.490000000000000000e+04 0.000000000000000000e+00 0.000000000000000000e+00 0.000000000000000000e+00 0.000000000000000000e+00 0.000000000000000000e+00 6.360630592217621125e-06 0.000000000000000000e+00 9.284821834911181071e-01 0.000000000000000000e+00 6.257862734076841312e-07 0.000000000000000000e+00 1.353232732496761209e-02 0.000000000000000000e+00 4.999512269542277787e-02 0.000000000000000000e+00 1.996665341629104325e-05 0.000000000000000000e+00 0.000000000000000000e+00 0.000000000000000000e+00 1.405483067112703105e-03 0.000000000000000000e+00 0.000000000000000000e+00 0.000000000000000000e+00 0.000000000000000000e+00 0.000000000000000000e+00 2.641467304326818293e-03 3.217953850651283747e-03 6.985091961189237707e-04
1.520000000000000000e+04 0.000000000000000000e+00 0.000000000000000000e+00 0.000000000000000000e+00 0.000000000000000000e+00 0.000000000000000000e+00 6.360630592217620278e-06 0.000000000000000000e+00 9.284821834911179961e-01 0.000000000000000000e+00 6.257862734076838136e-07 0.000000000000000000e+00 1.353232732496760862e-02 0.000000000000000000e+00 4.999512269542277093e-02 0.000000000000000000e+00 1.996665341629103987e-05 0.000000000000000000e+00 0.000000000000000000e+00 0.000000000000000000e+00 1.405483067112702888e-03 0.000000000000000000e+00 0.000000000000000000e+00 0.000000000000000000e+00 0.000000000000000000e+00 0.000000000000000000e+00 2.641467304326817426e-03 3.217953850651283313e-03 6.985091961189237707e-04
1.550000000000000000e+04 0.000000000000000000e+00 0.000000000000000000e+00 0.000000000000000000e+00 0.000000000000000000e+00 0.000000000000000000e+00 6.360630592217620278e-06 0.000000000000000000e+00 9.284821834911178851e-01 0.000000000000000000e+00 6.257862734076839195e-07 0.000000000000000000e+00 1.353232732496761036e-02 0.000000000000000000e+00 4.999512269542276399e-02 0.000000000000000000e+00 1.996665341629104325e-05 0.000000000000000000e+00 0.000000000000000000e+00 0.000000000000000000e+00 1.405483067112702454e-03 0.000000000000000000e+00 0.000000000000000000e+00 0.000000000000000000e+00 0.000000000000000000e+00 0.000000000000000000e+00 2.641467304326816992e-03 3.217953850651282446e-03 6.985091961189237707e-04
1.580000000000000000e+04 0.000000000000000000e+00 0.000000000000000000e+00 0.000000000000000000e+00 0.000000000000000000e+00 0.000000000000000000e+00 6.360630592217620278e-06 0.000000000000000000e+00 9.284821834911179961e-01 0.000000000000000000e+00 6.257862734076839195e-07 0.000000000000000000e+00 1.353232732496760862e-02 0.000000000000000000e+00 4.999512269542275705e-02 0.000000000000000000e+00 1.996665341629103987e-05 0.000000000000000000e+00 0.000000000000000000e+00 0.000000000000000000e+00 1.405483067112702671e-03 0.000000000000000000e+00 0.000000000000000000e+00 0.000000000000000000e+00 0.000000000000000000e+00 0.000000000000000000e+00 2.641467304326817426e-03 3.217953850651282879e-03 6.985091961189236623e-04
1.610000000000000000e+04 0.000000000000000000e+00 0.000000000000000000e+00 0.000000000000000000e+00 0.000000000000000000e+00 0.000000000000000000e+00 6.360630592217619431e-06 0.000000000000000000e+00 9.284821834911178851e-01 0.000000000000000000e+00 6.257862734076839195e-07 0.000000000000000000e+00 1.353232732496761036e-02 0.000000000000000000e+00 4.999512269542276399e-02 0.000000000000000000e+00 1.996665341629103987e-05 0.000000000000000000e+00 0.000000000000000000e+00 0.000000000000000000e+00 1.405483067112702671e-03 0.000000000000000000e+00 0.000000000000000000e+00 0.000000000000000000e+00 0.000000000000000000e+00 0.000000000000000000e+00 2.641467304326817426e-03 3.217953850651283313e-03 6.985091961189237707e-04
1.640000000000000000e+04 0.000000000000000000e+00 0.000000000000000000e+00 0.000000000000000000e+00 0.000000000000000000e+00 0.000000000000000000e+00 6.360630592217618584e-06 0.000000000000000000e+00 9.284821834911177740e-01 0.000000000000000000e+00 6.257862734076837077e-07 0.000000000000000000e+00 1.353232732496760689e-02 0.000000000000000000e+00 4.999512269542275705e-02 0.000000000000000000e+00 1.996665341629103648e-05 0.000000000000000000e+00 0.000000000000000000e+00 0.000000000000000000e+00 1.405483067112702671e-03 0.000000000000000000e+00 0.000000000000000000e+00 0.000000000000000000e+00 0.000000000000000000e+00 0.000000000000000000e+00 2.641467304326817426e-03 3.217953850651282012e-03 6.985091961189236623e-04
1.670000000000000000e+04 0.000000000000000000e+00 0.000000000000000000e+00 0.000000000000000000e+00 0.000000000000000000e+00 0.000000000000000000e+00 6.360630592217619431e-06 0.000000000000000000e+00 9.284821834911178851e-01 0.000000000000000000e+00 6.257862734076838136e-07 0.000000000000000000e+00 1.353232732496760862e-02 0.000000000000000000e+00 4.999512269542276399e-02 0.000000000000000000e+00 1.996665341629104325e-05 0.000000000000000000e+00 0.000000000000000000e+00 0.000000000000000000e+00 1.405483067112702671e-03 0.000000000000000000e+00 0.000000000000000000e+00 0.000000000000000000e+00 0.000000000000000000e+00 0.000000000000000000e+00 2.641467304326817426e-03 3.217953850651282446e-03 6.985091961189237707e-04
1.700000000000000000e+04 0.000000000000000000e+00 0.000000000000000000e+00 0.000000000000000000e+00 0.000000000000000000e+00 0.000000000000000000e+00 3.482759198114940280e-02 0.000000000000000000e+00 8.560298767193148528e-01 0.000000000000000000e+00 1.922362618086323124e-02 0.000000000000000000e+00 8.911768499448255443e-02 0.000000000000000000e+00 2.479096041067653587e-05 0.000000000000000000e+00 2.229120993909807866e-05 0.000000000000000000e+00 0.000000000000000000e+00 0.000000000000000000e+00 9.392676235113196466e-05 0.000000000000000000e+00 0.000000000000000000e+00 0.000000000000000000e+00 0.000000000000000000e+00 0.000000000000000000e+00 4.311254962347966114e-04 6.099237056897259692e-05 1.680933246852559947e-04
1.730000000000000000e+04 0.000000000000000000e+00 0.000000000000000000e+00 0.000000000000000000e+00 0.000000000000000000e+00 0.000000000000000000e+00 3.482759198114940280e-02 0.000000000000000000e+00 8.560298767193149638e-01 0.000000000000000000e+00 1.922362618086323124e-02 0.000000000000000000e+00 8.911768499448256831e-02 0.000000000000000000e+00 2.479096041067653248e-05 0.000000000000000000e+00 2.229120993909807866e-05 0.000000000000000000e+00 0.000000000000000000e+00 0.000000000000000000e+00 9.392676235113195111e-05 0.000000000000000000e+00 0.000000000000000000e+00 0.000000000000000000e+00 0.000000000000000000e+00 0.000000000000000000e+00 4.311254962347966656e-04 6.099237056897260369e-05 1.680933246852559947e-04
1.760000000000000000e+04 0.000000000000000000e+00 0.000000000000000000e+00 0.000000000000000000e+00 0.000000000000000000e+00 0.000000000000000000e+00 3.482759198114940280e-02 0.000000000000000000e+00 8.560298767193147418e-01 0.000000000000000000e+00 1.922362618086322431e-02 0.000000000000000000e+00 8.911768499448255443e-02 0.000000000000000000e+00 2.479096041067652571e-05 0.000000000000000000e+00 2.229120993909807188e-05 0.000000000000000000e+00 0.000000000000000000e+00 0.000000000000000000e+00 9.392676235113193756e-05 0.000000000000000000e+00 0.000000000000000000e+00 0.000000000000000000e+00 0.000000000000000000e+00 0.000000000000000000e+00 4.311254962347965030e-04 6.099237056897257659e-05 1.680933246852559675e-04
1.790000000000000000e+04 0.000000000000000000e+00 0.000000000000000000e+00 0.000000000000000000e+00 0.000000000000000000e+00 0.000000000000000000e+00 3.482759198114940280e-02 0.000000000000000000e+00 8.560298767193147418e-01 0.000000000000000000e+00 1.922362618086322431e-02 0.000000000000000000e+00 8.911768499448254055e-02 0.000000000000000000e+00 2.479096041067652571e-05 0.000000000000000000e+00 2.229120993909807188e-05 0.000000000000000000e+00 0.000000000000000000e+00 0.000000000000000000e+00 9.392676235113193756e-05 0.000000000000000000e+00 0.000000000000000000e+00 0.000000000000000000e+00 0.000000000000000000e+00 0.000000000000000000e+00 4.311254962347965030e-04 6.099237056897258337e-05 1.680933246852559675e-04
1.820000000000000000e+04 0.000000000000000000e+00 0.000000000000000000e+00 0.000000000000000000e+00 0.000000000000000000e+00 0.000000000000000000e+00 3.482759198114939586e-02 0.000000000000000000e+00 8.560298767193147418e-01 0.000000000000000000e+00 1.922362618086322431e-02 0.000000000000000000e+00 8.911768499448254055e-02 0.000000000000000000e+00 2.479096041067652571e-05 0.000000000000000000e+00 2.229120993909807188e-05 0.000000000000000000e+00 0.000000000000000000e+00 0.000000000000000000e+00 9.392676235113193756e-05 0.000000000000000000e+00 0.000000000000000000e+00 0.000000000000000000e+00 0.000000000000000000e+00 0.000000000000000000e+00 4.311254962347965030e-04 6.099237056897257659e-05 1.680933246852559675e-04
1.850000000000000000e+04 0.000000000000000000e+00 0.000000000000000000e+00 0.000000000000000000e+00 0.000000000000000000e+00 0.000000000000000000e+00 3.482759198114938892e-02 0.000000000000000000e+00 8.560298767193147418e-01 0.000000000000000000e+00 1.922362618086322777e-02 0.000000000000000000e+00 8.911768499448254055e-02 0.000000000000000000e+00 2.479096041067652571e-05 0.000000000000000000e+00 2.229120993909807188e-05 0.000000000000000000e+00 0.000000000000000000e+00 0.000000000000000000e+00 9.392676235113192401e-05 0.000000000000000000e+00 0.000000000000000000e+00 0.000000000000000000e+00 0.000000000000000000e+00 0.000000000000000000e+00 4.311254962347965030e-04 6.099237056897257659e-05 1.680933246852559675e-04
1.880000000000000000e+04 0.000000000000000000e+00 0.000000000000000000e+00 0.000000000000000000e+00 0.000000000000000000e+00 0.000000000000000000e+00 3.482759198114940280e-02 0.000000000000000000e+00 8.560298767193148528e-01 0.000000000000000000e+00 1.922362618086323124e-02 0.000000000000000000e+00 8.911768499448255443e-02 0.000000000000000000e+00 2.479096041067653248e-05 0.000000000000000000e+00 2.229120993909807527e-05 0.000000000000000000e+00 0.000000000000000000e+00 0.000000000000000000e+00 9.392676235113195111e-05 0.000000000000000000e+00 0.000000000000000000e+00 0.000000000000000000e+00 0.000000000000000000e+00 0.000000000000000000e+00 4.311254962347966114e-04 6.099237056897259014e-05 1.680933246852559947e-04
1.910000000000000000e+04 0.000000000000000000e+00 0.000000000000000000e+00 0.000000000000000000e+00 0.000000000000000000e+00 0.000000000000000000e+00 3.482759198114940280e-02 0.000000000000000000e+00 8.560298767193148528e-01 0.000000000000000000e+00 1.922362618086322777e-02 0.000000000000000000e+00 8.911768499448255443e-02 0.000000000000000000e+00 2.479096041067652571e-05 0.000000000000000000e+00 2.229120993909807527e-05 0.000000000000000000e+00 0.000000000000000000e+00 0.000000000000000000e+00 9.392676235113193756e-05 0.000000000000000000e+00 0.000000000000000000e+00 0.000000000000000000e+00 0.000000000000000000e+00 0.000000000000000000e+00 4.311254962347965030e-04 6.099237056897259014e-05 1.680933246852559947e-04
1.940000000000000000e+04 0.000000000000000000e+00 0.000000000000000000e+00 0.000000000000000000e+00 0.000000000000000000e+00 0.000000000000000000e+00 3.482759198114940974e-02 0.000000000000000000e+00 8.560298767193149638e-01 0.000000000000000000e+00 1.922362618086323471e-02 0.000000000000000000e+00 8.911768499448258218e-02 0.000000000000000000e+00 2.479096041067653587e-05 0.000000000000000000e+00 2.229120993909807866e-05 0.000000000000000000e+00 0.000000000000000000e+00 0.000000000000000000e+00 9.392676235113196466e-05 0.000000000000000000e+00 0.000000000000000000e+00 0.000000000000000000e+00 0.000000000000000000e+00 0.000000000000000000e+00 4.311254962347966114e-04 6.099237056897259692e-05 1.680933246852560489e-04
1.970000000000000000e+04 0.000000000000000000e+00 0.000000000000000000e+00 0.000000000000000000e+00 0.000000000000000000e+00 0.000000000000000000e+00 3.482759198114939586e-02 0.000000000000000000e+00 8.560298767193148528e-01 0.000000000000000000e+00 1.922362618086322777e-02 0.000000000000000000e+00 8.911768499448254055e-02 0.000000000000000000e+00 2.479096041067652571e-05 0.000000000000000000e+00 2.229120993909807527e-05 0.000000000000000000e+00 0.000000000000000000e+00 0.000000000000000000e+00 9.392676235113193756e-05 0.000000000000000000e+00 0.000000000000000000e+00 0.000000000000000000e+00 0.000000000000000000e+00 0.000000000000000000e+00 4.311254962347964488e-04 6.099237056897257659e-05 1.680933246852559947e-04
