3.500000000000000000e+03 0.000000000000000000e+00 0.000000000000000000e+00 0.000000000000000000e+00 0.000000000000000000e+00 0.000000000000000000e+00 5.813941596739870626e-06 0.000000000000000000e+00 1.051459931833528295e-02 0.000000000000000000e+00 1.369470358071443651e-06 0.000000000000000000e+00 1.383808079703011649e-04 0.000000000000000000e+00 1.532297994953202985e-02 0.000000000000000000e+00 1.014400315862540975e-04 0.000000000000000000e+00 0.000000000000000000e+00 0.000000000000000000e+00 1.463008847898916547e-02 0.000000000000000000e+00 0.000000000000000000e+00 0.000000000000000000e+00 0.000000000000000000e+00 0.000000000000000000e+00 1.027261125156422733e-01 1.256368441241033640e-01 7.309223713618866469e-01
3.800000000000000000e+03 0.000000000000000000e+00 0.000000000000000000e+00 0.000000000000000000e+00 0.000000000000000000e+00 0.000000000000000000e+00 5.813941596739868932e-06 0.000000000000000000e+00 1.051459931833528295e-02 0.000000000000000000e+00 1.369470358071443227e-06 0.000000000000000000e+00 1.383808079703011649e-04 0.000000000000000000e+00 1.532297994953202812e-02 0.000000000000000000e+00 1.014400315862540704e-04 0.000000000000000000e+00 0.000000000000000000e+00 0.000000000000000000e+00 1.463008847898916200e-02 0.000000000000000000e+00 0.000000000000000000e+00 0.000000000000000000e+00 0.000000000000000000e+00 0.000000000000000000e+00 1.027261125156422594e-01 1.256368441241033362e-01 7.309223713618865359e-01
4.100000000000000000e+03 0.000000000000000000e+00 0.000000000000000000e+00 0.000000000000000000e+00 0.000000000000000000e+00 0.000000000000000000e+00 5.813941596739868932e-06 0.000000000000000000e+00 1.051459931833528122e-02 0.000000000000000000e+00 1.369470358071443227e-06 0.000000000000000000e+00 1.383808079703011378e-04 0.000000000000000000e+00 1.532297994953202985e-02 0.000000000000000000e+00 1.014400315862540704e-04 0.000000000000000000e+00 0.000000000000000000e+00 0.000000000000000000e+00 1.463008847898916200e-02 0.000000000000000000e+00 0.000000000000000000e+00 0.000000000000000000e+00 0.000000000000000000e+00 0.000000000000000000e+00 1.027261125156422455e-01 1.256368441241033362e-01 7.309223713618864249e-01
4.400000000000000000e+03 0.000000000000000000e+00 0.000000000000000000e+00 0.000000000000000000e+00 0.000000000000000000e+00 0.000000000000000000e+00 5.813941596739868932e-06 0.000000000000000000e+00 1.051459931833528295e-02 0.000000000000000000e+00 1.369470358071443439e-06 0.000000000000000000e+00 1.383808079703011649e-04 0.000000000000000000e+00 1.532297994953202985e-02 0.000000000000000000e+00 1.014400315862540840e-04 0.000000000000000000e+00 0.000000000000000000e+00 0.000000000000000000e+00 1.463008847898916373e-02 0.000000000000000000e+00 0.000000000000000000e+00 0.000000000000000000e+00 0.000000000000000000e+00 0.000000000000000000e+00 1.027261125156422455e-01 1.256368441241033640e-01 7.309223713618866469e-01
4.700000000000000000e+03 0.000000000000000000e+00 0.000000000000000000e+00 0.000000000000000000e+00 0.000000000000000000e+00 0.000000000000000000e+00 5.813941596739868932e-06 0.000000000000000000e+00 1.051459931833528122e-02 0.000000000000000000e+00 1.369470358071443227e-06 0.000000000000000000e+00 1.383808079703011649e-04 0.000000000000000000e+00 1.532297994953202985e-02 0.000000000000000000e+00 1.014400315862540704e-04 0.000000000000000000e+00 0.000000000000000000e+00 0.000000000000000000e+00 1.463008847898916373e-02 0.000000000000000000e+00 0.000000000000000000e+00 0.000000000000000000e+00 0.000000000000000000e+00 0.000000000000000000e+00 1.027261125156422455e-01 1.256368441241033362e-01 7.309223713618865359e-01
5.000000000000000000e+03 0.000000000000000000e+00 0.000000000000000000e+00 0.000000000000000000e+00 0.000000000000000000e+00 0.000000000000000000e+00 5.813941596739868932e-06 0.000000000000000000e+00 1.051459931833528295e-02 0.000000000000000000e+00 1.369470358071443227e-06 0.000000000000000000e+00 1.383808079703011649e-04 0.000000000000000000e+00 1.532297994953203159e-02 0.000000000000000000e+00 1.014400315862540840e-04 0.000000000000000000e+00 0.000000000000000000e+00 0.000000000000000000e+00 1.463008847898916373e-02 0.000000000000000000e+00 0.000000000000000000e+00 0.000000000000000000e+00 0.000000000000000000e+00 0.000000000000000000e+00 1.027261125156422455e-01 1.256368441241033362e-01 7.309223713618865359e-01
5.300000000000000000e+03 0.000000000000000000e+00 0.000000000000000000e+00 0.000000000000000000e+00 0.000000000000000000e+00 0.000000000000000000e+00 5.813941596739868085e-06 0.000000000000000000e+00 1.051459931833528295e-02 0.000000000000000000e+00 1.369470358071443227e-06 0.000000000000000000e+00 1.383808079703011378e-04 0.000000000000000000e+00 1.532297994953203159e-02 0.000000000000000000e+00 1.014400315862540840e-04 0.000000000000000000e+00 0.000000000000000000e+00 0.000000000000000000e+00 1.463008847898916547e-02 0.000000000000000000e+00 0.000000000000000000e+00 0.000000000000000000e+00 0.000000000000000000e+00 0.000000000000000000e+00 1.027261125156422594e-01 1.256368441241033640e-01 7.309223713618865359e-01
5.600000000000000000e+03 0.000000000000000000e+00 0.000000000000000000e+00 0.000000000000000000e+00 0.000000000000000000e+00 0.000000000000000000e+00 5.813941596739868932e-06 0.000000000000000000e+00 1.051459931833528122e-02 0.000000000000000000e+00 1.369470358071443227e-06 0.000000000000000000e+00 1.383808079703011649e-04 0.000000000000000000e+00 1.532297994953202985e-02 0.000000000000000000e+00 1.014400315862540840e-04 0.000000000000000000e+00 0.000000000000000000e+00 0.000000000000000000e+00 1.463008847898916373e-02 0.000000000000000000e+00 0.000000000000000000e+00 0.000000000000000000e+00 0.000000000000000000e+00 0.000000000000000000e+00 1.027261125156422733e-01 1.256368441241033362e-01 7.309223713618865359e-01
5.900000000000000000e+03 0.000000000000000000e+00 0.000000000000000000e+00 0.000000000000000000e+00 0.000000000000000000e+00 0.000000000000000000e+00 5.813941596739868085e-06 0.000000000000000000e+00 1.051459931833528122e-02 0.000000000000000000e+00 1.369470358071443439e-06 0.000000000000000000e+00 1.383808079703011649e-04 0.000000000000000000e+00 1.532297994953203159e-02 0.000000000000000000e+00 1.014400315862540704e-04 0.000000000000000000e+00 0.000000000000000000e+00 0.000000000000000000e+00 1.463008847898916200e-02 0.000000000000000000e+00 0.000000000000000000e+00 0.000000000000000000e+00 0.000000000000000000e+00 0.000000000000000000e+00 1.027261125156422455e-01 1.256368441241033362e-01 7.309223713618865359e-01
6.200000000000000000e+03 0.000000000000000000e+00 0.000000000000000000e+00 0.000000000000000000e+00 0.000000000000000000e+00 0.000000000000000000e+00 5.813941596739868932e-06 0.000000000000000000e+00 1.051459931833528295e-02 0.000000000000000000e+00 1.369470358071443227e-06 0.000000000000000000e+00 1.383808079703011920e-04 0.000000000000000000e+00 1.532297994953202985e-02 0.000000000000000000e+00 1.014400315862540975e-04 0.000000000000000000e+00 0.000000000000000000e+00 0.000000000000000000e+00 1.463008847898916373e-02 0.000000000000000000e+00 0.000000000000000000e+00 0.000000000000000000e+00 0.000000000000000000e+00 0.000000000000000000e+00 1.027261125156422594e-01 1.256368441241033640e-01 7.309223713618865359e-01
6.500000000000000000e+03 0.000000000000000000e+00 0.000000000000000000e+00 0.000000000000000000e+00 0.000000000000000000e+00 0.000000000000000000e+00 5.813941596739868932e-06 0.000000000000000000e+00 1.051459931833528295e-02 0.000000000000000000e+00 1.369470358071443439e-06 0.000000000000000000e+00 1.383808079703011378e-04 0.000000000000000000e+00 1.532297994953202985e-02 0.000000000000000000e+00 1.014400315862540840e-04 0.000000000000000000e+00 0.000000000000000000e+00 0.000000000000000000e+00 1.463008847898916373e-02 0.000000000000000000e+00 0.000000000000000000e+00 0.000000000000000000e+00 0.000000000000000000e+00 0.000000000000000000e+00 1.027261125156422455e-01 1.256368441241033362e-01 7.309223713618865359e-01
6.800000000000000000e+03 0.000000000000000000e+00 0.000000000000000000e+00 0.000000000000000000e+00 0.000000000000000000e+00 0.000000000000000000e+00 5.813941596739868932e-06 0.000000000000000000e+00 1.051459931833528122e-02 0.000000000000000000e+00 1.369470358071443439e-06 0.000000000000000000e+00 1.383808079703011649e-04 0.000000000000000000e+00 1.532297994953202985e-02 0.000000000000000000e+00 1.014400315862540840e-04 0.000000000000000000e+00 0.000000000000000000e+00 0.000000000000000000e+00 1.463008847898916547e-02 0.000000000000000000e+00 0.000000000000000000e+00 0.000000000000000000e+00 0.000000000000000000e+00 0.000000000000000000e+00 1.027261125156422594e-01 1.256368441241033362e-01 7.309223713618866469e-01
7.100000000000000000e+03 0.000000000000000000e+00 0.000000000000000000e+00 0.000000000000000000e+00 0.000000000000000000e+00 0.000000000000000000e+00 1.158448705116621618e-05 0.000000000000000000e+00 2.460590270771191579e-02 0.000000000000000000e+00 3.778397271266643066e-06 0.000000000000000000e+00 7.539670075011127570e-03 0.000000000000000000e+00 1.201247071821700957e-01 0.000000000000000000e+00 1.780349649004174051e-03 0.000000000000000000e+00 0.000000000000000000e+00 0.000000000000000000e+00 6.479194469456796279e-02 0.000000000000000000e+00 0.000000000000000000e+00 0.000000000000000000e+00 0.000000000000000000e+00 0.000000000000000000e+00 4.936056272153296343e-01 1.999315517692228095e-01 8.760488382265989304e-02
7.400000000000000000e+03 0.000000000000000000e+00 0.000000000000000000e+00 0.000000000000000000e+00 0.000000000000000000e+00 0.000000000000000000e+00 1.158448705116621448e-05 0.000000000000000000e+00 2.460590270771191926e-02 0.000000000000000000e+00 3.778397271266642642e-06 0.000000000000000000e+00 7.539670075011127570e-03 0.000000000000000000e+00 1.201247071821701096e-01 0.000000000000000000e+00 1.780349649004174051e-03 0.000000000000000000e+00 0.000000000000000000e+00 0.000000000000000000e+00 6.479194469456794891e-02 0.000000000000000000e+00 0.000000000000000000e+00 0.000000000000000000e+00 0.000000000000000000e+00 0.000000000000000000e+00 4.936056272153295232e-01 1.999315517692228095e-01 8.760488382265989304e-02
7.700000000000000000e+03 0.000000000000000000e+00 0.000000000000000000e+00 0.000000000000000000e+00 0.000000000000000000e+00 0.000000000000000000e+00 1.158448705116621279e-05 0.000000000000000000e+00 2.460590270771191579e-02 0.000000000000000000e+00 3.778397271266642642e-06 0.000000000000000000e+00 7.539670075011126703e-03 0.000000000000000000e+00 1.201247071821700957e-01 0.000000000000000000e+00 1.780349649004174051e-03 0.000000000000000000e+00 0.000000000000000000e+00 0.000000000000000000e+00 6.479194469456796279e-02 0.000000000000000000e+00 0.000000000000000000e+00 0.000000000000000000e+00 0.000000000000000000e+00 0.000000000000000000e+00 4.936056272153296343e-01 1.999315517692227817e-01 8.760488382265989304e-02
8.000000000000000000e+03 0.000000000000000000e+00 0.000000000000000000e+00 0.000000000000000000e+00 0.000000000000000000e+00 0.000000000000000000e+00 1.158448705116621448e-05 0.000000000000000000e+00 2.460590270771190885e-02 0.000000000000000000e+00 3.778397271266641795e-06 0.000000000000000000e+00 7.539670075011127570e-03 0.000000000000000000e+00 1.201247071821701096e-01 0.000000000000000000e+00 1.780349649004173617e-03 0.000000000000000000e+00 0.000000000000000000e+00 0.000000000000000000e+00 6.479194469456796279e-02 0.000000000000000000e+00 0.000000000000000000e+00 0.000000000000000000e+00 0.000000000000000000e+00 0.000000000000000000e+00 4.936056272153295787e-01 1.999315517692227540e-01 8.760488382265987917e-02
8.300000000000000000e+03 0.000000000000000000e+00 0.000000000000000000e+00 0.000000000000000000e+00 0.000000000000000000e+00 0.000000000000000000e+00 1.158448705116621448e-05 0.000000000000000000e+00 2.460590270771191232e-02 0.000000000000000000e+00 3.778397271266641795e-06 0.000000000000000000e+00 7.539670075011127570e-03 0.000000000000000000e+00 1.201247071821701096e-01 0.000000000000000000e+00 1.780349649004174051e-03 0.000000000000000000e+00 0.000000000000000000e+00 0.000000000000000000e+00 6.479194469456796279e-02 0.000000000000000000e+00 0.000000000000000000e+00 0.000000000000000000e+00 0.000000000000000000e+00 0.000000000000000000e+00 4.936056272153295787e-01 1.999315517692227817e-01 8.760488382265987917e-02
8.600000000000000000e+03 0.000000000000000000e+00 0.000000000000000000e+00 0.000000000000000000e+00 0.000000000000000000e+00 0.000000000000000000e+00 1.158448705116621787e-05 0.000000000000000000e+00 2.460590270771191926e-02 0.000000000000000000e+00 3.778397271266643066e-06 0.000000000000000000e+00 7.539670075011128438e-03 0.000000000000000000e+00 1.201247071821701373e-01 0.000000000000000000e+00 1.780349649004174268e-03 0.000000000000000000e+00 0.000000000000000000e+00 0.000000000000000000e+00 6.479194469456797667e-02 0.000000000000000000e+00 0.000000000000000000e+00 0.000000000000000000e+00 0.000000000000000000e+00 0.000000000000000000e+00 4.936056272153296343e-01 1.999315517692228372e-01 8.760488382265990692e-02
8.900000000000000000e+03 0.000000000000000000e+00 0.000000000000000000e+00 0.000000000000000000e+00 0.000000000000000000e+00 0.000000000000000000e+00 1.158448705116621279e-05 0.000000000000000000e+00 2.460590270771190885e-02 0.000000000000000000e+00 3.778397271266641795e-06 0.000000000000000000e+00 7.539670075011125835e-03 0.000000000000000000e+00 1.201247071821700818e-01 0.000000000000000000e+00 1.780349649004173401e-03 0.000000000000000000e+00 0.000000000000000000e+00 0.000000000000000000e+00 6.479194469456794891e-02 0.000000000000000000e+00 0.000000000000000000e+00 0.000000000000000000e+00 0.000000000000000000e+00 0.000000000000000000e+00 4.936056272153295232e-01 1.999315517692227540e-01 8.760488382265987917e-02
9.200000000000000000e+03 0.000000000000000000e+00 0.000000000000000000e+00 0.000000000000000000e+00 0.000000000000000000e+00 0.000000000000000000e+00 1.158448705116621618e-05 0.000000000000000000e+00 2.460590270771191579e-02 0.000000000000000000e+00 3.778397271266642642e-06 0.000000000000000000e+00 7.539670075011127570e-03 0.000000000000000000e+00 1.201247071821701096e-01 0.000000000000000000e+00 1.780349649004174268e-03 0.000000000000000000e+00 0.000000000000000000e+00 0.000000000000000000e+00 6.479194469456796279e-02 0.000000000000000000e+00 0.000000000000000000e+00 0.000000000000000000e+00 0.000000000000000000e+00 0.000000000000000000e+00 4.936056272153296343e-01 1.999315517692228095e-01 8.760488382265990692e-02
9.500000000000000000e+03 0.000000000000000000e+00 0.000000000000000000e+00 0.000000000000000000e+00 0.000000000000000000e+00 0.000000000000000000e+00 1.158448705116621448e-05 0.000000000000000000e+00 2.460590270771191579e-02 0.000000000000000000e+00 3.778397271266642219e-06 0.000000000000000000e+00 7.539670075011126703e-03 0.000000000000000000e+00 1.201247071821701096e-01 0.000000000000000000e+00 1.780349649004173834e-03 0.000000000000000000e+00 0.000000000000000000e+00 0.000000000000000000e+00 6.479194469456796279e-02 0.000000000000000000e+00 0.000000000000000000e+00 0.000000000000000000e+00 0.000000000000000000e+00 0.000000000000000000e+00 4.936056272153295787e-01 1.999315517692228095e-01 8.760488382265990692e-02
9.800000000000000000e+03 0.000000000000000000e+00 0.000000000000000000e+00 0.000000000000000000e+00 0.000000000000000000e+00 0.000000000000000000e+00 1.158448705116621618e-05 0.000000000000000000e+00 2.460590270771191926e-02 0.000000000000000000e+00 3.778397271266642642e-06 0.000000000000000000e+00 7.539670075011128438e-03 0.000000000000000000e+00 1.201247071821701373e-01 0.000000000000000000e+00 1.780349649004174268e-03 0.000000000000000000e+00 0.000000000000000000e+00 0.000000000000000000e+00 6.479194469456799055e-02 0.000000000000000000e+00 0.000000000000000000e+00 0.000000000000000000e+00 0.000000000000000000e+00 0.000000000000000000e+00 4.936056272153296898e-01 1.999315517692228650e-01 8.760488382265990692e-02
1.010000000000000000e+04 0.000000000000000000e+00 0.000000000000000000e+00 0.000000000000000000e+00 0.000000000000000000e+00 0.000000000000000000e+00 5.209798722784251601e-06 0.000000000000000000e+00 8.277044105191151691e-03 0.000000000000000000e+00 1.316623197782706509e-06 0.000000000000000000e+00 1.186886094804344288e-01 0.000000000000000000e+00 6.139943380098332737e-01 0.000000000000000000e+00 6.309564435351933120e-02 0.000000000000000000e+00 0.000000000000000000e+00 0.000000000000000000e+00 7.394570360814223253e-02 0.000000000000000000e+00 0.000000000000000000e+00 0.000000000000000000e+00 0.000000000000000000e+00 0.000000000000000000e+00 6.827055546723874435e-02 4.888686358996556514e-02 4.834714963754725703e-03
1.040000000000000000e+04 0.000000000000000000e+00 0.000000000000000000e+00 0.000000000000000000e+00 0.000000000000000000e+00 0.000000000000000000e+00 5.209798722784252448e-06 0.000000000000000000e+00 8.277044105191149956e-03 0.000000000000000000e+00 1.316623197782706509e-06 0.000000000000000000e+00 1.186886094804344288e-01 0.000000000000000000e+00 6.139943380098331627e-01 0.000000000000000000e+00 6.309564435351931733e-02 0.000000000000000000e+00 0.000000000000000000e+00 0.000000000000000000e+00 7.394570360814223253e-02 0.000000000000000000e+00 0.000000000000000000e+00 0.000000000000000000e+00 0.000000000000000000e+00 0.000000000000000000e+00 6.827055546723874435e-02 4.888686358996557207e-02 4.834714963754725703e-03
1.070000000000000000e+04 0.000000000000000000e+00 0.000000000000000000e+00 0.000000000000000000e+00 0.000000000000000000e+00 0.000000000000000000e+00 5.209798722784253295e-06 0.000000000000000000e+00 8.277044105191153425e-03 0.000000000000000000e+00 1.316623197782706721e-06 0.000000000000000000e+00 1.186886094804344427e-01 0.000000000000000000e+00 6.139943380098332737e-01 0.000000000000000000e+00 6.309564435351933120e-02 0.000000000000000000e+00 0.000000000000000000e+00 0.000000000000000000e+00 7.394570360814224641e-02 0.000000000000000000e+00 0.000000000000000000e+00 0.000000000000000000e+00 0.000000000000000000e+00 0.000000000000000000e+00 6.827055546723875823e-02 4.888686358996557207e-02 4.834714963754725703e-03
1.100000000000000000e+04 0.000000000000000000e+00 0.000000000000000000e+00 0.000000000000000000e+00 0.000000000000000000e+00 0.000000000000000000e+00 5.209798722784253295e-06 0.000000000000000000e+00 8.277044105191153425e-03 0.000000000000000000e+00 1.316623197782706721e-06 0.000000000000000000e+00 1.186886094804344566e-01 0.000000000000000000e+00 6.139943380098331627e-01 0.000000000000000000e+00 6.309564435351933120e-02 0.000000000000000000e+00 0.000000000000000000e+00 0.000000000000000000e+00 7.394570360814226029e-02 0.000000000000000000e+00 0.000000000000000000e+00 0.000000000000000000e+00 0.000000000000000000e+00 0.000000000000000000e+00 6.827055546723875823e-02 4.888686358996558595e-02 4.834714963754726570e-03
1.130000000000000000e+04 0.000000000000000000e+00 0.000000000000000000e+00 0.000000000000000000e+00 0.000000000000000000e+00 0.000000000000000000e+00 5.209798722784254142e-06 0.000000000000000000e+00 8.277044105191153425e-03 0.000000000000000000e+00 1.316623197782706933e-06 0.000000000000000000e+00 1.186886094804344705e-01 0.000000000000000000e+00 6.139943380098332737e-01 0.000000000000000000e+00 6.309564435351933120e-02 0.000000000000000000e+00 0.000000000000000000e+00 0.000000000000000000e+00 7.394570360814226029e-02 0.000000000000000000e+00 0.000000000000000000e+00 0.000000000000000000e+00 0.000000000000000000e+00 0.000000000000000000e+00 6.827055546723877211e-02 4.888686358996558595e-02 4.834714963754726570e-03
1.160000000000000000e+04 0.000000000000000000e+00 0.000000000000000000e+00 0.000000000000000000e+00 0.000000000000000000e+00 0.000000000000000000e+00 5.209798722784252448e-06 0.000000000000000000e+00 8.277044105191151691e-03 0.000000000000000000e+00 1.316623197782706509e-06 0.000000000000000000e+00 1.186886094804344288e-01 0.000000000000000000e+00 6.139943380098330517e-01 0.000000000000000000e+00 6.309564435351931733e-02 0.000000000000000000e+00 0.000000000000000000e+00 0.000000000000000000e+00 7.394570360814224641e-02 0.000000000000000000e+00 0.000000000000000000e+00 0.000000000000000000e+00 0.000000000000000000e+00 0.000000000000000000e+00 6.827055546723875823e-02 4.888686358996557207e-02 4.834714963754724835e-03
1.190000000000000000e+04 0.000000000000000000e+00 0.000000000000000000e+00 0.000000000000000000e+00 0.000000000000000000e+00 0.000000000000000000e+00 5.209798722784253295e-06 0.000000000000000000e+00 8.277044105191153425e-03 0.000000000000000000e+00 1.316623197782706721e-06 0.000000000000000000e+00 1.186886094804344427e-01 0.000000000000000000e+00 6.139943380098332737e-01 0.000000000000000000e+00 6.309564435351933120e-02 0.000000000000000000e+00 0.000000000000000000e+00 0.000000000000000000e+00 7.394570360814224641e-02 0.000000000000000000e+00 0.000000000000000000e+00 0.000000000000000000e+00 0.000000000000000000e+00 0.000000000000000000e+00 6.827055546723875823e-02 4.888686358996557901e-02 4.834714963754725703e-03
1.220000000000000000e+04 0.000000000000000000e+00 0.000000000000000000e+00 0.000000000000000000e+00 0.000000000000000000e+00 0.000000000000000000e+00 5.209798722784253295e-06 0.000000000000000000e+00 8.277044105191153425e-03 0.000000000000000000e+00 1.316623197782706721e-06 0.000000000000000000e+00 1.186886094804344566e-01 0.000000000000000000e+00 6.139943380098331627e-01 0.000000000000000000e+00 6.309564435351933120e-02 0.000000000000000000e+00 0.000000000000000000e+00 0.000000000000000000e+00 7.394570360814226029e-02 0.000000000000000000e+00 0.000000000000000000e+00 0.000000000000000000e+00 0.000000000000000000e+00 0.000000000000000000e+00 6.827055546723875823e-02 4.888686358996558595e-02 4.834714963754726570e-03
1.250000000000000000e+04 0.000000000000000000e+00 0.000000000000000000e+00 0.000000000000000000e+00 0.000000000000000000e+00 0.000000000000000000e+00 5.209798722784253295e-06 0.000000000000000000e+00 8.277044105191153425e-03 0.000000000000000000e+00 1.316623197782706933e-06 0.000000000000000000e+00 1.186886094804344566e-01 0.000000000000000000e+00 6.139943380098332737e-01 0.000000000000000000e+00 6.309564435351933120e-02 0.000000000000000000e+00 0.000000000000000000e+00 0.000000000000000000e+00 7.394570360814226029e-02 0.000000000000000000e+00 0.000000000000000000e+00 0.000000000000000000e+00 0.000000000000000000e+00 0.000000000000000000e+00 6.827055546723877211e-02 4.888686358996558595e-02 4.834714963754725703e-03
1.280000000000000000e+04 0.000000000000000000e+00 0.000000000000000000e+00 0.000000000000000000e+00 0.000000000000000000e+00 0.000000000000000000e+00 5.209798722784253295e-06 0.000000000000000000e+00 8.277044105191153425e-03 0.000000000000000000e+00 1.316623197782706509e-06 0.000000000000000000e+00 1.186886094804344427e-01 0.000000000000000000e+00 6.139943380098331627e-01 0.000000000000000000e+00 6.309564435351931733e-02 0.000000000000000000e+00 0.000000000000000000e+00 0.000000000000000000e+00 7.394570360814226029e-02 0.000000000000000000e+00 0.000000000000000000e+00 0.000000000000000000e+00 0.000000000000000000e+00 0.000000000000000000e+00 6.827055546723875823e-02 4.888686358996558595e-02 4.834714963754725703e-03
1.310000000000000000e+04 0.000000000000000000e+00 0.000000000000000000e+00 0.000000000000000000e+00 0.000000000000000000e+00 0.000000000000000000e+00 6.346755052767142448e-06 0.000000000000000000e+00 9.393619371973785936e-01 0.000000000000000000e+00 5.549079409544074782e-07 0.000000000000000000e+00 7.418328316679941893e-03 0.000000000000000000e+00 4.896851780221288947e-02 0.000000000000000000e+00 1.571723799748409514e-05 0.000000000000000000e+00 0.000000000000000000e+00 0.000000000000000000e+00 1.144815502264496685e-03 0.000000000000000000e+00 0.000000000000000000e+00 0.000000000000000000e+00 0.000000000000000000e+00 0.000000000000000000e+00 6.887518808197967994e-04 1.756370571423052258e-03 6.386598282299856509e-04
1.340000000000000000e+04 0.000000000000000000e+00 0.000000000000000000e+00 0.000000000000000000e+00 0.000000000000000000e+00 0.000000000000000000e+00 6.346755052767144142e-06 0.000000000000000000e+00 9.393619371973787047e-01 0.000000000000000000e+00 5.549079409544074782e-07 0.000000000000000000e+00 7.418328316679943628e-03 0.000000000000000000e+00 4.896851780221288947e-02 0.000000000000000000e+00 1.571723799748410191e-05 0.000000000000000000e+00 0.000000000000000000e+00 0.000000000000000000e+00 1.144815502264496902e-03 0.000000000000000000e+00 0.000000000000000000e+00 0.000000000000000000e+00 0.000000000000000000e+00 0.000000000000000000e+00 6.887518808197970162e-04 1.756370571423052258e-03 6.386598282299857593e-04
1.370000000000000000e+04 0.000000000000000000e+00 0.000000000000000000e+00 0.000000000000000000e+00 0.000000000000000000e+00 0.000000000000000000e+00 6.346755052767143295e-06 0.000000000000000000e+00 9.393619371973788157e-01 0.000000000000000000e+00 5.549079409544076899e-07 0.000000000000000000e+00 7.418328316679942760e-03 0.000000000000000000e+00 4.896851780221288947e-02 0.000000000000000000e+00 1.571723799748409853e-05 0.000000000000000000e+00 0.000000000000000000e+00 0.000000000000000000e+00 1.144815502264497119e-03 0.000000000000000000e+00 0.000000000000000000e+00 0.000000000000000000e+00 0.000000000000000000e+00 0.000000000000000000e+00 6.887518808197969078e-04 1.756370571423052258e-03 6.386598282299857593e-04
1.400000000000000000e+04 0.000000000000000000e+00 0.000000000000000000e+00 0.000000000000000000e+00 0.000000000000000000e+00 0.000000000000000000e+00 6.346755052767143295e-06 0.000000000000000000e+00 9.393619371973787047e-01 0.000000000000000000e+00 5.549079409544075841e-07 0.000000000000000000e+00 7.418328316679942760e-03 0.000000000000000000e+00 4.896851780221288947e-02 0.000000000000000000e+00 1.571723799748409853e-05 0.000000000000000000e+00 0.000000000000000000e+00 0.000000000000000000e+00 1.144815502264497119e-03 0.000000000000000000e+00 0.000000000000000000e+00 0.000000000000000000e+00 0.000000000000000000e+00 0.000000000000000000e+00 6.887518808197967994e-04 1.756370571423052042e-03 6.386598282299857593e-04
1.430000000000000000e+04 0.000000000000000000e+00 0.000000000000000000e+00 0.000000000000000000e+00 0.000000000000000000e+00 0.000000000000000000e+00 6.346755052767142448e-06 0.000000000000000000e+00 9.393619371973784826e-01 0.000000000000000000e+00 5.549079409544074782e-07 0.000000000000000000e+00 7.418328316679941893e-03 0.000000000000000000e+00 4.896851780221288253e-02 0.000000000000000000e+00 1.571723799748409514e-05 0.000000000000000000e+00 0.000000000000000000e+00 0.000000000000000000e+00 1.144815502264496685e-03 0.000000000000000000e+00 0.000000000000000000e+00 0.000000000000000000e+00 0.000000000000000000e+00 0.000000000000000000e+00 6.887518808197967994e-04 1.756370571423051608e-03 6.386598282299856509e-04
1.460000000000000000e+04 0.000000000000000000e+00 0.000000000000000000e+00 0.000000000000000000e+00 0.000000000000000000e+00 0.000000000000000000e+00 6.346755052767142448e-06 0.000000000000000000e+00 9.393619371973785936e-01 0.000000000000000000e+00 5.549079409544074782e-07 0.000000000000000000e+00 7.418328316679941893e-03 0.000000000000000000e+00 4.896851780221288947e-02 0.000000000000000000e+00 1.571723799748409853e-05 0.000000000000000000e+00 0.000000000000000000e+00 0.000000000000000000e+00 1.144815502264496902e-03 0.000000000000000000e+00 0.000000000000000000e+00 0.000000000000000000e+00 0.000000000000000000e+00 0.000000000000000000e+00 6.887518808197967994e-04 1.756370571423051825e-03 6.386598282299856509e-04
1.490000000000000000e+04 0.000000000000000000e+00 0.000000000000000000e+00 0.000000000000000000e+00 0.000000000000000000e+00 0.000000000000000000e+00 6.346755052767142448e-06 0.000000000000000000e+00 9.393619371973785936e-01 0.000000000000000000e+00 5.549079409544074782e-07 0.000000000000000000e+00 7.418328316679940158e-03 0.000000000000000000e+00 4.896851780221288253e-02 0.000000000000000000e+00 1.571723799748409514e-05 0.000000000000000000e+00 0.000000000000000000e+00 0.000000000000000000e+00 1.144815502264496902e-03 0.000000000000000000e+00 0.000000000000000000e+00 0.000000000000000000e+00 0.000000000000000000e+00 0.000000000000000000e+00 6.887518808197966910e-04 1.756370571423052258e-03 6.386598282299857593e-04
1.520000000000000000e+04 0.000000000000000000e+00 0.000000000000000000e+00 0.000000000000000000e+00 0.000000000000000000e+00 0.000000000000000000e+00 6.346755052767142448e-06 0.000000000000000000e+00 9.393619371973785936e-01 0.000000000000000000e+00 5.549079409544075841e-07 0.000000000000000000e+00 7.418328316679942760e-03 0.000000000000000000e+00 4.896851780221288253e-02 0.000000000000000000e+00 1.571723799748409853e-05 0.000000000000000000e+00 0.000000000000000000e+00 0.000000000000000000e+00 1.144815502264496902e-03 0.000000000000000000e+00 0.000000000000000000e+00 0.000000000000000000e+00 0.000000000000000000e+00 0.000000000000000000e+00 6.887518808197966910e-04 1.756370571423052042e-03 6.386598282299856509e-04
1.550000000000000000e+04 0.000000000000000000e+00 0.000000000000000000e+00 0.000000000000000000e+00 0.000000000000000000e+00 0.000000000000000000e+00 6.346755052767142448e-06 0.000000000000000000e+00 9.393619371973785936e-01 0.000000000000000000e+00 5.549079409544073723e-07 0.000000000000000000e+00 7.418328316679941026e-03 0.000000000000000000e+00 4.896851780221288253e-02 0.000000000000000000e+00 1.571723799748409514e-05 0.000000000000000000e+00 0.000000000000000000e+00 0.000000000000000000e+00 1.144815502264496685e-03 0.000000000000000000e+00 0.000000000000000000e+00 0.000000000000000000e+00 0.000000000000000000e+00 0.000000000000000000e+00 6.887518808197966910e-04 1.756370571423051825e-03 6.386598282299856509e-04
1.580000000000000000e+04 0.000000000000000000e+00 0.000000000000000000e+00 0.000000000000000000e+00 0.000000000000000000e+00 0.000000000000000000e+00 6.346755052767142448e-06 0.000000000000000000e+00 9.393619371973785936e-01 0.000000000000000000e+00 5.549079409544074782e-07 0.000000000000000000e+00 7.418328316679941026e-03 0.000000000000000000e+00 4.896851780221288947e-02 0.000000000000000000e+00 1.571723799748409514e-05 0.000000000000000000e+00 0.000000000000000000e+00 0.000000000000000000e+00 1.144815502264496902e-03 0.000000000000000000e+00 0.000000000000000000e+00 0.000000000000000000e+00 0.000000000000000000e+00 0.000000000000000000e+00 6.887518808197967994e-04 1.756370571423051825e-03 6.386598282299857593e-04
1.610000000000000000e+04 0.000000000000000000e+00 0.000000000000000000e+00 0.000000000000000000e+00 0.000000000000000000e+00 0.000000000000000000e+00 6.346755052767141601e-06 0.000000000000000000e+00 9.393619371973784826e-01 0.000000000000000000e+00 5.549079409544074782e-07 0.000000000000000000e+00 7.418328316679940158e-03 0.000000000000000000e+00 4.896851780221287559e-02 0.000000000000000000e+00 1.571723799748409853e-05 0.000000000000000000e+00 0.000000000000000000e+00 0.000000000000000000e+00 1.144815502264496685e-03 0.000000000000000000e+00 0.000000000000000000e+00 0.000000000000000000e+00 0.000000000000000000e+00 0.000000000000000000e+00 6.887518808197966910e-04 1.756370571423051825e-03 6.386598282299855425e-04
1.640000000000000000e+04 0.000000000000000000e+00 0.000000000000000000e+00 0.000000000000000000e+00 0.000000000000000000e+00 0.000000000000000000e+00 6.346755052767143295e-06 0.000000000000000000e+00 9.393619371973787047e-01 0.000000000000000000e+00 5.549079409544075841e-07 0.000000000000000000e+00 7.418328316679942760e-03 0.000000000000000000e+00 4.896851780221288947e-02 0.000000000000000000e+00 1.571723799748409853e-05 0.000000000000000000e+00 0.000000000000000000e+00 0.000000000000000000e+00 1.144815502264497119e-03 0.000000000000000000e+00 0.000000000000000000e+00 0.000000000000000000e+00 0.000000000000000000e+00 0.000000000000000000e+00 6.887518808197967994e-04 1.756370571423051825e-03 6.386598282299857593e-04
1.670000000000000000e+04 0.000000000000000000e+00 0.000000000000000000e+00 0.000000000000000000e+00 0.000000000000000000e+00 0.000000000000000000e+00 6.346755052767140754e-06 0.000000000000000000e+00 9.393619371973783716e-01 0.000000000000000000e+00 5.549079409544072664e-07 0.000000000000000000e+00 7.418328316679939291e-03 0.000000000000000000e+00 4.896851780221286865e-02 0.000000000000000000e+00 1.571723799748409175e-05 0.000000000000000000e+00 0.000000000000000000e+00 0.000000000000000000e+00 1.144815502264496685e-03 0.000000000000000000e+00 0.000000000000000000e+00 0.000000000000000000e+00 0.000000000000000000e+00 0.000000000000000000e+00 6.887518808197964741e-04 1.756370571423051608e-03 6.386598282299854341e-04
1.700000000000000000e+04 0.000000000000000000e+00 0.000000000000000000e+00 0.000000000000000000e+00 0.000000000000000000e+00 0.000000000000000000e+00 2.439228796130730667e-02 0.000000000000000000e+00 9.121442104577277554e-01 0.000000000000000000e+00 1.102218019671798513e-02 0.000000000000000000e+00 5.207206997903742612e-02 0.000000000000000000e+00 1.494223071385763249e-05 0.000000000000000000e+00 1.232572764294936438e-05 0.000000000000000000e+00 0.000000000000000000e+00 0.000000000000000000e+00 2.764210462552622700e-05 0.000000000000000000e+00 0.000000000000000000e+00 0.000000000000000000e+00 0.000000000000000000e+00 0.000000000000000000e+00 1.303891758554369168e-04 4.109819958151159422e-05 1.428539667901675852e-04
1.730000000000000000e+04 0.000000000000000000e+00 0.000000000000000000e+00 0.000000000000000000e+00 0.000000000000000000e+00 0.000000000000000000e+00 2.439228796130729973e-02 0.000000000000000000e+00 9.121442104577278664e-01 0.000000000000000000e+00 1.102218019671798339e-02 0.000000000000000000e+00 5.207206997903741919e-02 0.000000000000000000e+00 1.494223071385763079e-05 0.000000000000000000e+00 1.232572764294936438e-05 0.000000000000000000e+00 0.000000000000000000e+00 0.000000000000000000e+00 2.764210462552622362e-05 0.000000000000000000e+00 0.000000000000000000e+00 0.000000000000000000e+00 0.000000000000000000e+00 0.000000000000000000e+00 1.303891758554368897e-04 4.109819958151158744e-05 1.428539667901675581e-04
1.760000000000000000e+04 0.000000000000000000e+00 0.000000000000000000e+00 0.000000000000000000e+00 0.000000000000000000e+00 0.000000000000000000e+00 2.439228796130730667e-02 0.000000000000000000e+00 9.121442104577278664e-01 0.000000000000000000e+00 1.102218019671798513e-02 0.000000000000000000e+00 5.207206997903742612e-02 0.000000000000000000e+00 1.494223071385763249e-05 0.000000000000000000e+00 1.232572764294936607e-05 0.000000000000000000e+00 0.000000000000000000e+00 0.000000000000000000e+00 2.764210462552622362e-05 0.000000000000000000e+00 0.000000000000000000e+00 0.000000000000000000e+00 0.000000000000000000e+00 0.000000000000000000e+00 1.303891758554368897e-04 4.109819958151159422e-05 1.428539667901675581e-04
1.790000000000000000e+04 0.000000000000000000e+00 0.000000000000000000e+00 0.000000000000000000e+00 0.000000000000000000e+00 0.000000000000000000e+00 2.439228796130729973e-02 0.000000000000000000e+00 9.121442104577277554e-01 0.000000000000000000e+00 1.102218019671798513e-02 0.000000000000000000e+00 5.207206997903741919e-02 0.000000000000000000e+00 1.494223071385763079e-05 0.000000000000000000e+00 1.232572764294936268e-05 0.000000000000000000e+00 0.000000000000000000e+00 0.000000000000000000e+00 2.764210462552622362e-05 0.000000000000000000e+00 0.000000000000000000e+00 0.000000000000000000e+00 0.000000000000000000e+00 0.000000000000000000e+00 1.303891758554368626e-04 4.109819958151158744e-05 1.428539667901675581e-04
1.820000000000000000e+04 0.000000000000000000e+00 0.000000000000000000e+00 0.000000000000000000e+00 0.000000000000000000e+00 0.000000000000000000e+00 2.439228796130729973e-02 0.000000000000000000e+00 9.121442104577276444e-01 0.000000000000000000e+00 1.102218019671798513e-02 0.000000000000000000e+00 5.207206997903743306e-02 0.000000000000000000e+00 1.494223071385763249e-05 0.000000000000000000e+00 1.232572764294936607e-05 0.000000000000000000e+00 0.000000000000000000e+00 0.000000000000000000e+00 2.764210462552622362e-05 0.000000000000000000e+00 0.000000000000000000e+00 0.000000000000000000e+00 0.000000000000000000e+00 0.000000000000000000e+00 1.303891758554368626e-04 4.109819958151158744e-05 1.428539667901675581e-04
1.850000000000000000e+04 0.000000000000000000e+00 0.000000000000000000e+00 0.000000000000000000e+00 0.000000000000000000e+00 0.000000000000000000e+00 2.439228796130731014e-02 0.000000000000000000e+00 9.121442104577278664e-01 0.000000000000000000e+00 1.102218019671798860e-02 0.000000000000000000e+00 5.207206997903744694e-02 0.000000000000000000e+00 1.494223071385763588e-05 0.000000000000000000e+00 1.232572764294936607e-05 0.000000000000000000e+00 0.000000000000000000e+00 0.000000000000000000e+00 2.764210462552623039e-05 0.000000000000000000e+00 0.000000000000000000e+00 0.000000000000000000e+00 0.000000000000000000e+00 0.000000000000000000e+00 1.303891758554369439e-04 4.109819958151160100e-05 1.428539667901676123e-04
1.880000000000000000e+04 0.000000000000000000e+00 0.000000000000000000e+00 0.000000000000000000e+00 0.000000000000000000e+00 0.000000000000000000e+00 2.439228796130731014e-02 0.000000000000000000e+00 9.121442104577278664e-01 0.000000000000000000e+00 1.102218019671798686e-02 0.000000000000000000e+00 5.207206997903744000e-02 0.000000000000000000e+00 1.494223071385763418e-05 0.000000000000000000e+00 1.232572764294936776e-05 0.000000000000000000e+00 0.000000000000000000e+00 0.000000000000000000e+00 2.764210462552622700e-05 0.000000000000000000e+00 0.000000000000000000e+00 0.000000000000000000e+00 0.000000000000000000e+00 0.000000000000000000e+00 1.303891758554368897e-04 4.109819958151160777e-05 1.428539667901675852e-04
1.910000000000000000e+04 0.000000000000000000e+00 0.000000000000000000e+00 0.000000000000000000e+00 0.000000000000000000e+00 0.000000000000000000e+00 2.439228796130731014e-02 0.000000000000000000e+00 9.121442104577277554e-01 0.000000000000000000e+00 1.102218019671798686e-02 0.000000000000000000e+00 5.207206997903742612e-02 0.000000000000000000e+00 1.494223071385763418e-05 0.000000000000000000e+00 1.232572764294936438e-05 0.000000000000000000e+00 0.000000000000000000e+00 0.000000000000000000e+00 2.764210462552622362e-05 0.000000000000000000e+00 0.000000000000000000e+00 0.000000000000000000e+00 0.000000000000000000e+00 0.000000000000000000e+00 1.303891758554368897e-04 4.109819958151160100e-05 1.428539667901675852e-04
1.940000000000000000e+04 0.000000000000000000e+00 0.000000000000000000e+00 0.000000000000000000e+00 0.000000000000000000e+00 0.000000000000000000e+00 2.439228796130731361e-02 0.000000000000000000e+00 9.121442104577279775e-01 0.000000000000000000e+00 1.102218019671798860e-02 0.000000000000000000e+00 5.207206997903744000e-02 0.000000000000000000e+00 1.494223071385763588e-05 0.000000000000000000e+00 1.232572764294936776e-05 0.000000000000000000e+00 0.000000000000000000e+00 0.000000000000000000e+00 2.764210462552623039e-05 0.000000000000000000e+00 0.000000000000000000e+00 0.000000000000000000e+00 0.000000000000000000e+00 0.000000000000000000e+00 1.303891758554369168e-04 4.109819958151160100e-05 1.428539667901675852e-04
1.970000000000000000e+04 0.000000000000000000e+00 0.000000000000000000e+00 0.000000000000000000e+00 0.000000000000000000e+00 0.000000000000000000e+00 2.439228796130730667e-02 0.000000000000000000e+00 9.121442104577278664e-01 0.000000000000000000e+00 1.102218019671798513e-02 0.000000000000000000e+00 5.207206997903742612e-02 0.000000000000000000e+00 1.494223071385763418e-05 0.000000000000000000e+00 1.232572764294936776e-05 0.000000000000000000e+00 0.000000000000000000e+00 0.000000000000000000e+00 2.764210462552622700e-05 0.000000000000000000e+00 0.000000000000000000e+00 0.000000000000000000e+00 0.000000000000000000e+00 0.000000000000000000e+00 1.303891758554369168e-04 4.109819958151159422e-05 1.428539667901675581e-04
