3.500000000000000000e+03 0.000000000000000000e+00 0.000000000000000000e+00 0.000000000000000000e+00 0.000000000000000000e+00 0.000000000000000000e+00 1.108061668122754111e-05 0.000000000000000000e+00 1.928256240158146909e-02 0.000000000000000000e+00 2.776115145962757312e-06 0.000000000000000000e+00 2.474912107190319782e-04 0.000000000000000000e+00 6.671391188991948606e-02 0.000000000000000000e+00 1.951215392759668226e-04 0.000000000000000000e+00 0.000000000000000000e+00 0.000000000000000000e+00 2.895172963141405542e-02 0.000000000000000000e+00 0.000000000000000000e+00 0.000000000000000000e+00 0.000000000000000000e+00 0.000000000000000000e+00 3.447356217889798735e-01 2.186313482539075648e-01 3.212283565523752493e-01
3.800000000000000000e+03 0.000000000000000000e+00 0.000000000000000000e+00 0.000000000000000000e+00 0.000000000000000000e+00 0.000000000000000000e+00 1.108061668122753941e-05 0.000000000000000000e+00 1.928256240158146562e-02 0.000000000000000000e+00 2.776115145962756889e-06 0.000000000000000000e+00 2.474912107190319782e-04 0.000000000000000000e+00 6.671391188991949994e-02 0.000000000000000000e+00 1.951215392759667955e-04 0.000000000000000000e+00 0.000000000000000000e+00 0.000000000000000000e+00 2.895172963141405889e-02 0.000000000000000000e+00 0.000000000000000000e+00 0.000000000000000000e+00 0.000000000000000000e+00 0.000000000000000000e+00 3.447356217889798735e-01 2.186313482539075648e-01 3.212283565523752493e-01
4.100000000000000000e+03 0.000000000000000000e+00 0.000000000000000000e+00 0.000000000000000000e+00 0.000000000000000000e+00 0.000000000000000000e+00 1.108061668122754111e-05 0.000000000000000000e+00 1.928256240158147256e-02 0.000000000000000000e+00 2.776115145962757312e-06 0.000000000000000000e+00 2.474912107190319782e-04 0.000000000000000000e+00 6.671391188991948606e-02 0.000000000000000000e+00 1.951215392759668497e-04 0.000000000000000000e+00 0.000000000000000000e+00 0.000000000000000000e+00 2.895172963141406236e-02 0.000000000000000000e+00 0.000000000000000000e+00 0.000000000000000000e+00 0.000000000000000000e+00 0.000000000000000000e+00 3.447356217889798735e-01 2.186313482539075925e-01 3.212283565523753048e-01
4.400000000000000000e+03 0.000000000000000000e+00 0.000000000000000000e+00 0.000000000000000000e+00 0.000000000000000000e+00 0.000000000000000000e+00 1.108061668122753941e-05 0.000000000000000000e+00 1.928256240158147256e-02 0.000000000000000000e+00 2.776115145962757312e-06 0.000000000000000000e+00 2.474912107190319782e-04 0.000000000000000000e+00 6.671391188991949994e-02 0.000000000000000000e+00 1.951215392759668226e-04 0.000000000000000000e+00 0.000000000000000000e+00 0.000000000000000000e+00 2.895172963141406236e-02 0.000000000000000000e+00 0.000000000000000000e+00 0.000000000000000000e+00 0.000000000000000000e+00 0.000000000000000000e+00 3.447356217889799290e-01 2.186313482539075925e-01 3.212283565523753048e-01
4.700000000000000000e+03 0.000000000000000000e+00 0.000000000000000000e+00 0.000000000000000000e+00 0.000000000000000000e+00 0.000000000000000000e+00 1.108061668122754111e-05 0.000000000000000000e+00 1.928256240158146909e-02 0.000000000000000000e+00 2.776115145962757312e-06 0.000000000000000000e+00 2.474912107190319782e-04 0.000000000000000000e+00 6.671391188991949994e-02 0.000000000000000000e+00 1.951215392759667955e-04 0.000000000000000000e+00 0.000000000000000000e+00 0.000000000000000000e+00 2.895172963141405889e-02 0.000000000000000000e+00 0.000000000000000000e+00 0.000000000000000000e+00 0.000000000000000000e+00 0.000000000000000000e+00 3.447356217889798180e-01 2.186313482539075648e-01 3.212283565523753048e-01
5.000000000000000000e+03 0.000000000000000000e+00 0.000000000000000000e+00 0.000000000000000000e+00 0.000000000000000000e+00 0.000000000000000000e+00 1.108061668122753941e-05 0.000000000000000000e+00 1.928256240158146909e-02 0.000000000000000000e+00 2.776115145962757312e-06 0.000000000000000000e+00 2.474912107190319782e-04 0.000000000000000000e+00 6.671391188991949994e-02 0.000000000000000000e+00 1.951215392759667955e-04 0.000000000000000000e+00 0.000000000000000000e+00 0.000000000000000000e+00 2.895172963141405889e-02 0.000000000000000000e+00 0.000000000000000000e+00 0.000000000000000000e+00 0.000000000000000000e+00 0.000000000000000000e+00 3.447356217889798180e-01 2.186313482539075648e-01 3.212283565523752493e-01
5.300000000000000000e+03 0.000000000000000000e+00 0.000000000000000000e+00 0.000000000000000000e+00 0.000000000000000000e+00 0.000000000000000000e+00 1.108061668122754280e-05 0.000000000000000000e+00 1.928256240158146909e-02 0.000000000000000000e+00 2.776115145962757312e-06 0.000000000000000000e+00 2.474912107190319782e-04 0.000000000000000000e+00 6.671391188991949994e-02 0.000000000000000000e+00 1.951215392759668226e-04 0.000000000000000000e+00 0.000000000000000000e+00 0.000000000000000000e+00 2.895172963141405889e-02 0.000000000000000000e+00 0.000000000000000000e+00 0.000000000000000000e+00 0.000000000000000000e+00 0.000000000000000000e+00 3.447356217889799290e-01 2.186313482539075648e-01 3.212283565523752493e-01
5.600000000000000000e+03 0.000000000000000000e+00 0.000000000000000000e+00 0.000000000000000000e+00 0.000000000000000000e+00 0.000000000000000000e+00 1.108061668122754111e-05 0.000000000000000000e+00 1.928256240158147256e-02 0.000000000000000000e+00 2.776115145962757736e-06 0.000000000000000000e+00 2.474912107190319782e-04 0.000000000000000000e+00 6.671391188991949994e-02 0.000000000000000000e+00 1.951215392759668497e-04 0.000000000000000000e+00 0.000000000000000000e+00 0.000000000000000000e+00 2.895172963141406930e-02 0.000000000000000000e+00 0.000000000000000000e+00 0.000000000000000000e+00 0.000000000000000000e+00 0.000000000000000000e+00 3.447356217889799290e-01 2.186313482539075925e-01 3.212283565523753603e-01
5.900000000000000000e+03 0.000000000000000000e+00 0.000000000000000000e+00 0.000000000000000000e+00 0.000000000000000000e+00 0.000000000000000000e+00 1.108061668122754111e-05 0.000000000000000000e+00 1.928256240158146909e-02 0.000000000000000000e+00 2.776115145962757312e-06 0.000000000000000000e+00 2.474912107190320324e-04 0.000000000000000000e+00 6.671391188991949994e-02 0.000000000000000000e+00 1.951215392759668497e-04 0.000000000000000000e+00 0.000000000000000000e+00 0.000000000000000000e+00 2.895172963141406236e-02 0.000000000000000000e+00 0.000000000000000000e+00 0.000000000000000000e+00 0.000000000000000000e+00 0.000000000000000000e+00 3.447356217889798735e-01 2.186313482539075925e-01 3.212283565523753603e-01
6.200000000000000000e+03 0.000000000000000000e+00 0.000000000000000000e+00 0.000000000000000000e+00 0.000000000000000000e+00 0.000000000000000000e+00 1.108061668122753772e-05 0.000000000000000000e+00 1.928256240158146909e-02 0.000000000000000000e+00 2.776115145962756465e-06 0.000000000000000000e+00 2.474912107190319782e-04 0.000000000000000000e+00 6.671391188991949994e-02 0.000000000000000000e+00 1.951215392759667955e-04 0.000000000000000000e+00 0.000000000000000000e+00 0.000000000000000000e+00 2.895172963141405889e-02 0.000000000000000000e+00 0.000000000000000000e+00 0.000000000000000000e+00 0.000000000000000000e+00 0.000000000000000000e+00 3.447356217889798735e-01 2.186313482539075925e-01 3.212283565523753048e-01
6.500000000000000000e+03 0.000000000000000000e+00 0.000000000000000000e+00 0.000000000000000000e+00 0.000000000000000000e+00 0.000000000000000000e+00 1.108061668122754111e-05 0.000000000000000000e+00 1.928256240158146909e-02 0.000000000000000000e+00 2.776115145962757736e-06 0.000000000000000000e+00 2.474912107190319782e-04 0.000000000000000000e+00 6.671391188991949994e-02 0.000000000000000000e+00 1.951215392759667955e-04 0.000000000000000000e+00 0.000000000000000000e+00 0.000000000000000000e+00 2.895172963141406236e-02 0.000000000000000000e+00 0.000000000000000000e+00 0.000000000000000000e+00 0.000000000000000000e+00 0.000000000000000000e+00 3.447356217889798735e-01 2.186313482539075648e-01 3.212283565523753603e-01
6.800000000000000000e+03 0.000000000000000000e+00 0.000000000000000000e+00 0.000000000000000000e+00 0.000000000000000000e+00 0.000000000000000000e+00 1.108061668122754280e-05 0.000000000000000000e+00 1.928256240158147256e-02 0.000000000000000000e+00 2.776115145962758159e-06 0.000000000000000000e+00 2.474912107190319782e-04 0.000000000000000000e+00 6.671391188991951382e-02 0.000000000000000000e+00 1.951215392759668497e-04 0.000000000000000000e+00 0.000000000000000000e+00 0.000000000000000000e+00 2.895172963141406930e-02 0.000000000000000000e+00 0.000000000000000000e+00 0.000000000000000000e+00 0.000000000000000000e+00 0.000000000000000000e+00 3.447356217889798735e-01 2.186313482539075925e-01 3.212283565523753603e-01
7.100000000000000000e+03 0.000000000000000000e+00 0.000000000000000000e+00 0.000000000000000000e+00 0.000000000000000000e+00 0.000000000000000000e+00 1.334041532818311149e-05 0.000000000000000000e+00 2.845831306231569671e-02 0.000000000000000000e+00 4.101777243275659234e-06 0.000000000000000000e+00 9.993008415973888420e-03 0.000000000000000000e+00 1.978173427453793209e-01 0.000000000000000000e+00 2.317063889490030958e-03 0.000000000000000000e+00 0.000000000000000000e+00 0.000000000000000000e+00 9.853904083890059618e-02 0.000000000000000000e+00 0.000000000000000000e+00 0.000000000000000000e+00 0.000000000000000000e+00 0.000000000000000000e+00 2.600362382176464870e-01 1.272056661880848483e-01 2.756158844496376381e-01
7.400000000000000000e+03 0.000000000000000000e+00 0.000000000000000000e+00 0.000000000000000000e+00 0.000000000000000000e+00 0.000000000000000000e+00 1.334041532818311318e-05 0.000000000000000000e+00 2.845831306231570365e-02 0.000000000000000000e+00 4.101777243275659234e-06 0.000000000000000000e+00 9.993008415973888420e-03 0.000000000000000000e+00 1.978173427453793487e-01 0.000000000000000000e+00 2.317063889490030958e-03 0.000000000000000000e+00 0.000000000000000000e+00 0.000000000000000000e+00 9.853904083890059618e-02 0.000000000000000000e+00 0.000000000000000000e+00 0.000000000000000000e+00 0.000000000000000000e+00 0.000000000000000000e+00 2.600362382176464870e-01 1.272056661880848483e-01 2.756158844496376381e-01
7.700000000000000000e+03 0.000000000000000000e+00 0.000000000000000000e+00 0.000000000000000000e+00 0.000000000000000000e+00 0.000000000000000000e+00 1.334041532818311318e-05 0.000000000000000000e+00 2.845831306231570018e-02 0.000000000000000000e+00 4.101777243275660081e-06 0.000000000000000000e+00 9.993008415973888420e-03 0.000000000000000000e+00 1.978173427453793487e-01 0.000000000000000000e+00 2.317063889490030958e-03 0.000000000000000000e+00 0.000000000000000000e+00 0.000000000000000000e+00 9.853904083890059618e-02 0.000000000000000000e+00 0.000000000000000000e+00 0.000000000000000000e+00 0.000000000000000000e+00 0.000000000000000000e+00 2.600362382176464315e-01 1.272056661880848483e-01 2.756158844496376381e-01
8.000000000000000000e+03 0.000000000000000000e+00 0.000000000000000000e+00 0.000000000000000000e+00 0.000000000000000000e+00 0.000000000000000000e+00 1.334041532818311318e-05 0.000000000000000000e+00 2.845831306231570365e-02 0.000000000000000000e+00 4.101777243275659234e-06 0.000000000000000000e+00 9.993008415973888420e-03 0.000000000000000000e+00 1.978173427453793765e-01 0.000000000000000000e+00 2.317063889490031392e-03 0.000000000000000000e+00 0.000000000000000000e+00 0.000000000000000000e+00 9.853904083890058230e-02 0.000000000000000000e+00 0.000000000000000000e+00 0.000000000000000000e+00 0.000000000000000000e+00 0.000000000000000000e+00 2.600362382176464870e-01 1.272056661880848760e-01 2.756158844496376381e-01
8.300000000000000000e+03 0.000000000000000000e+00 0.000000000000000000e+00 0.000000000000000000e+00 0.000000000000000000e+00 0.000000000000000000e+00 1.334041532818311318e-05 0.000000000000000000e+00 2.845831306231570365e-02 0.000000000000000000e+00 4.101777243275660081e-06 0.000000000000000000e+00 9.993008415973890154e-03 0.000000000000000000e+00 1.978173427453793765e-01 0.000000000000000000e+00 2.317063889490031392e-03 0.000000000000000000e+00 0.000000000000000000e+00 0.000000000000000000e+00 9.853904083890059618e-02 0.000000000000000000e+00 0.000000000000000000e+00 0.000000000000000000e+00 0.000000000000000000e+00 0.000000000000000000e+00 2.600362382176464870e-01 1.272056661880848760e-01 2.756158844496376936e-01
8.600000000000000000e+03 0.000000000000000000e+00 0.000000000000000000e+00 0.000000000000000000e+00 0.000000000000000000e+00 0.000000000000000000e+00 1.334041532818311488e-05 0.000000000000000000e+00 2.845831306231569671e-02 0.000000000000000000e+00 4.101777243275659234e-06 0.000000000000000000e+00 9.993008415973890154e-03 0.000000000000000000e+00 1.978173427453793765e-01 0.000000000000000000e+00 2.317063889490030958e-03 0.000000000000000000e+00 0.000000000000000000e+00 0.000000000000000000e+00 9.853904083890059618e-02 0.000000000000000000e+00 0.000000000000000000e+00 0.000000000000000000e+00 0.000000000000000000e+00 0.000000000000000000e+00 2.600362382176464870e-01 1.272056661880848760e-01 2.756158844496376381e-01
8.900000000000000000e+03 0.000000000000000000e+00 0.000000000000000000e+00 0.000000000000000000e+00 0.000000000000000000e+00 0.000000000000000000e+00 1.334041532818311318e-05 0.000000000000000000e+00 2.845831306231570018e-02 0.000000000000000000e+00 4.101777243275659234e-06 0.000000000000000000e+00 9.993008415973890154e-03 0.000000000000000000e+00 1.978173427453793487e-01 0.000000000000000000e+00 2.317063889490031392e-03 0.000000000000000000e+00 0.000000000000000000e+00 0.000000000000000000e+00 9.853904083890061005e-02 0.000000000000000000e+00 0.000000000000000000e+00 0.000000000000000000e+00 0.000000000000000000e+00 0.000000000000000000e+00 2.600362382176464870e-01 1.272056661880848760e-01 2.756158844496376936e-01
9.200000000000000000e+03 0.000000000000000000e+00 0.000000000000000000e+00 0.000000000000000000e+00 0.000000000000000000e+00 0.000000000000000000e+00 1.334041532818311318e-05 0.000000000000000000e+00 2.845831306231570018e-02 0.000000000000000000e+00 4.101777243275658387e-06 0.000000000000000000e+00 9.993008415973888420e-03 0.000000000000000000e+00 1.978173427453793209e-01 0.000000000000000000e+00 2.317063889490030958e-03 0.000000000000000000e+00 0.000000000000000000e+00 0.000000000000000000e+00 9.853904083890058230e-02 0.000000000000000000e+00 0.000000000000000000e+00 0.000000000000000000e+00 0.000000000000000000e+00 0.000000000000000000e+00 2.600362382176464870e-01 1.272056661880848760e-01 2.756158844496376381e-01
9.500000000000000000e+03 0.000000000000000000e+00 0.000000000000000000e+00 0.000000000000000000e+00 0.000000000000000000e+00 0.000000000000000000e+00 1.334041532818311318e-05 0.000000000000000000e+00 2.845831306231570365e-02 0.000000000000000000e+00 4.101777243275659234e-06 0.000000000000000000e+00 9.993008415973888420e-03 0.000000000000000000e+00 1.978173427453793487e-01 0.000000000000000000e+00 2.317063889490030525e-03 0.000000000000000000e+00 0.000000000000000000e+00 0.000000000000000000e+00 9.853904083890061005e-02 0.000000000000000000e+00 0.000000000000000000e+00 0.000000000000000000e+00 0.000000000000000000e+00 0.000000000000000000e+00 2.600362382176464870e-01 1.272056661880848483e-01 2.756158844496375826e-01
9.800000000000000000e+03 0.000000000000000000e+00 0.000000000000000000e+00 0.000000000000000000e+00 0.000000000000000000e+00 0.000000000000000000e+00 1.334041532818311318e-05 0.000000000000000000e+00 2.845831306231570018e-02 0.000000000000000000e+00 4.101777243275660081e-06 0.000000000000000000e+00 9.993008415973888420e-03 0.000000000000000000e+00 1.978173427453793487e-01 0.000000000000000000e+00 2.317063889490030958e-03 0.000000000000000000e+00 0.000000000000000000e+00 0.000000000000000000e+00 9.853904083890058230e-02 0.000000000000000000e+00 0.000000000000000000e+00 0.000000000000000000e+00 0.000000000000000000e+00 0.000000000000000000e+00 2.600362382176464315e-01 1.272056661880848760e-01 2.756158844496376381e-01
1.010000000000000000e+04 0.000000000000000000e+00 0.000000000000000000e+00 0.000000000000000000e+00 0.000000000000000000e+00 0.000000000000000000e+00 2.460949209680306912e-06 0.000000000000000000e+00 3.919746599855524621e-03 0.000000000000000000e+00 5.368621234513755224e-07 0.000000000000000000e+00 2.615726007980260781e-01 0.000000000000000000e+00 5.356662345487680499e-01 0.000000000000000000e+00 1.081359724390842242e-01 0.000000000000000000e+00 0.000000000000000000e+00 0.000000000000000000e+00 5.753104181266058270e-02 0.000000000000000000e+00 0.000000000000000000e+00 0.000000000000000000e+00 0.000000000000000000e+00 0.000000000000000000e+00 2.157435331270064066e-02 3.577689812102652703e-03 8.019362865469245247e-03
1.040000000000000000e+04 0.000000000000000000e+00 0.000000000000000000e+00 0.000000000000000000e+00 0.000000000000000000e+00 0.000000000000000000e+00 2.460949209680306912e-06 0.000000000000000000e+00 3.919746599855524621e-03 0.000000000000000000e+00 5.368621234513757342e-07 0.000000000000000000e+00 2.615726007980261336e-01 0.000000000000000000e+00 5.356662345487680499e-01 0.000000000000000000e+00 1.081359724390842519e-01 0.000000000000000000e+00 0.000000000000000000e+00 0.000000000000000000e+00 5.753104181266059658e-02 0.000000000000000000e+00 0.000000000000000000e+00 0.000000000000000000e+00 0.000000000000000000e+00 0.000000000000000000e+00 2.157435331270064760e-02 3.577689812102652703e-03 8.019362865469248716e-03
1.070000000000000000e+04 0.000000000000000000e+00 0.000000000000000000e+00 0.000000000000000000e+00 0.000000000000000000e+00 0.000000000000000000e+00 2.460949209680306912e-06 0.000000000000000000e+00 3.919746599855524621e-03 0.000000000000000000e+00 5.368621234513756283e-07 0.000000000000000000e+00 2.615726007980260781e-01 0.000000000000000000e+00 5.356662345487680499e-01 0.000000000000000000e+00 1.081359724390842381e-01 0.000000000000000000e+00 0.000000000000000000e+00 0.000000000000000000e+00 5.753104181266058270e-02 0.000000000000000000e+00 0.000000000000000000e+00 0.000000000000000000e+00 0.000000000000000000e+00 0.000000000000000000e+00 2.157435331270064760e-02 3.577689812102651835e-03 8.019362865469246981e-03
1.100000000000000000e+04 0.000000000000000000e+00 0.000000000000000000e+00 0.000000000000000000e+00 0.000000000000000000e+00 0.000000000000000000e+00 2.460949209680306912e-06 0.000000000000000000e+00 3.919746599855523754e-03 0.000000000000000000e+00 5.368621234513756283e-07 0.000000000000000000e+00 2.615726007980260781e-01 0.000000000000000000e+00 5.356662345487679389e-01 0.000000000000000000e+00 1.081359724390842242e-01 0.000000000000000000e+00 0.000000000000000000e+00 0.000000000000000000e+00 5.753104181266057576e-02 0.000000000000000000e+00 0.000000000000000000e+00 0.000000000000000000e+00 0.000000000000000000e+00 0.000000000000000000e+00 2.157435331270063719e-02 3.577689812102651835e-03 8.019362865469245247e-03
1.130000000000000000e+04 0.000000000000000000e+00 0.000000000000000000e+00 0.000000000000000000e+00 0.000000000000000000e+00 0.000000000000000000e+00 2.460949209680306489e-06 0.000000000000000000e+00 3.919746599855523754e-03 0.000000000000000000e+00 5.368621234513754166e-07 0.000000000000000000e+00 2.615726007980260226e-01 0.000000000000000000e+00 5.356662345487679389e-01 0.000000000000000000e+00 1.081359724390842242e-01 0.000000000000000000e+00 0.000000000000000000e+00 0.000000000000000000e+00 5.753104181266057576e-02 0.000000000000000000e+00 0.000000000000000000e+00 0.000000000000000000e+00 0.000000000000000000e+00 0.000000000000000000e+00 2.157435331270064066e-02 3.577689812102651835e-03 8.019362865469245247e-03
1.160000000000000000e+04 0.000000000000000000e+00 0.000000000000000000e+00 0.000000000000000000e+00 0.000000000000000000e+00 0.000000000000000000e+00 2.460949209680306912e-06 0.000000000000000000e+00 3.919746599855522887e-03 0.000000000000000000e+00 5.368621234513755224e-07 0.000000000000000000e+00 2.615726007980260226e-01 0.000000000000000000e+00 5.356662345487679389e-01 0.000000000000000000e+00 1.081359724390842103e-01 0.000000000000000000e+00 0.000000000000000000e+00 0.000000000000000000e+00 5.753104181266058270e-02 0.000000000000000000e+00 0.000000000000000000e+00 0.000000000000000000e+00 0.000000000000000000e+00 0.000000000000000000e+00 2.157435331270064066e-02 3.577689812102651402e-03 8.019362865469246981e-03
1.190000000000000000e+04 0.000000000000000000e+00 0.000000000000000000e+00 0.000000000000000000e+00 0.000000000000000000e+00 0.000000000000000000e+00 2.460949209680306912e-06 0.000000000000000000e+00 3.919746599855523754e-03 0.000000000000000000e+00 5.368621234513755224e-07 0.000000000000000000e+00 2.615726007980260781e-01 0.000000000000000000e+00 5.356662345487679389e-01 0.000000000000000000e+00 1.081359724390842381e-01 0.000000000000000000e+00 0.000000000000000000e+00 0.000000000000000000e+00 5.753104181266056882e-02 0.000000000000000000e+00 0.000000000000000000e+00 0.000000000000000000e+00 0.000000000000000000e+00 0.000000000000000000e+00 2.157435331270064066e-02 3.577689812102651835e-03 8.019362865469245247e-03
1.220000000000000000e+04 0.000000000000000000e+00 0.000000000000000000e+00 0.000000000000000000e+00 0.000000000000000000e+00 0.000000000000000000e+00 2.460949209680306489e-06 0.000000000000000000e+00 3.919746599855523754e-03 0.000000000000000000e+00 5.368621234513755224e-07 0.000000000000000000e+00 2.615726007980260781e-01 0.000000000000000000e+00 5.356662345487680499e-01 0.000000000000000000e+00 1.081359724390842242e-01 0.000000000000000000e+00 0.000000000000000000e+00 0.000000000000000000e+00 5.753104181266057576e-02 0.000000000000000000e+00 0.000000000000000000e+00 0.000000000000000000e+00 0.000000000000000000e+00 0.000000000000000000e+00 2.157435331270064413e-02 3.577689812102651835e-03 8.019362865469246981e-03
1.250000000000000000e+04 0.000000000000000000e+00 0.000000000000000000e+00 0.000000000000000000e+00 0.000000000000000000e+00 0.000000000000000000e+00 2.460949209680306912e-06 0.000000000000000000e+00 3.919746599855523754e-03 0.000000000000000000e+00 5.368621234513755224e-07 0.000000000000000000e+00 2.615726007980260781e-01 0.000000000000000000e+00 5.356662345487679389e-01 0.000000000000000000e+00 1.081359724390842242e-01 0.000000000000000000e+00 0.000000000000000000e+00 0.000000000000000000e+00 5.753104181266058270e-02 0.000000000000000000e+00 0.000000000000000000e+00 0.000000000000000000e+00 0.000000000000000000e+00 0.000000000000000000e+00 2.157435331270064066e-02 3.577689812102651835e-03 8.019362865469245247e-03
1.280000000000000000e+04 0.000000000000000000e+00 0.000000000000000000e+00 0.000000000000000000e+00 0.000000000000000000e+00 0.000000000000000000e+00 2.460949209680306912e-06 0.000000000000000000e+00 3.919746599855523754e-03 0.000000000000000000e+00 5.368621234513755224e-07 0.000000000000000000e+00 2.615726007980260226e-01 0.000000000000000000e+00 5.356662345487679389e-01 0.000000000000000000e+00 1.081359724390842242e-01 0.000000000000000000e+00 0.000000000000000000e+00 0.000000000000000000e+00 5.753104181266058270e-02 0.000000000000000000e+00 0.000000000000000000e+00 0.000000000000000000e+00 0.000000000000000000e+00 0.000000000000000000e+00 2.157435331270064413e-02 3.577689812102652269e-03 8.019362865469246981e-03
1.310000000000000000e+04 0.000000000000000000e+00 0.000000000000000000e+00 0.000000000000000000e+00 0.000000000000000000e+00 0.000000000000000000e+00 1.250354021832938888e-05 0.000000000000000000e+00 8.411129689593447312e-01 0.000000000000000000e+00 1.082968197452849423e-06 0.000000000000000000e+00 3.600076606176289690e-02 0.000000000000000000e+00 1.134315439331006758e-01 0.000000000000000000e+00 3.266769992838964486e-05 0.000000000000000000e+00 0.000000000000000000e+00 0.000000000000000000e+00 2.446899862705644545e-03 0.000000000000000000e+00 0.000000000000000000e+00 0.000000000000000000e+00 0.000000000000000000e+00 0.000000000000000000e+00 1.641958162780818992e-03 1.969029658661822311e-03 3.350579153299226409e-03
1.340000000000000000e+04 0.000000000000000000e+00 0.000000000000000000e+00 0.000000000000000000e+00 0.000000000000000000e+00 0.000000000000000000e+00 1.250354021832939058e-05 0.000000000000000000e+00 8.411129689593447312e-01 0.000000000000000000e+00 1.082968197452849211e-06 0.000000000000000000e+00 3.600076606176288996e-02 0.000000000000000000e+00 1.134315439331006897e-01 0.000000000000000000e+00 3.266769992838964486e-05 0.000000000000000000e+00 0.000000000000000000e+00 0.000000000000000000e+00 2.446899862705644111e-03 0.000000000000000000e+00 0.000000000000000000e+00 0.000000000000000000e+00 0.000000000000000000e+00 0.000000000000000000e+00 1.641958162780818992e-03 1.969029658661822311e-03 3.350579153299226409e-03
1.370000000000000000e+04 0.000000000000000000e+00 0.000000000000000000e+00 0.000000000000000000e+00 0.000000000000000000e+00 0.000000000000000000e+00 1.250354021832938719e-05 0.000000000000000000e+00 8.411129689593446201e-01 0.000000000000000000e+00 1.082968197452849211e-06 0.000000000000000000e+00 3.600076606176289690e-02 0.000000000000000000e+00 1.134315439331006897e-01 0.000000000000000000e+00 3.266769992838964486e-05 0.000000000000000000e+00 0.000000000000000000e+00 0.000000000000000000e+00 2.446899862705644111e-03 0.000000000000000000e+00 0.000000000000000000e+00 0.000000000000000000e+00 0.000000000000000000e+00 0.000000000000000000e+00 1.641958162780818992e-03 1.969029658661822311e-03 3.350579153299225975e-03
1.400000000000000000e+04 0.000000000000000000e+00 0.000000000000000000e+00 0.000000000000000000e+00 0.000000000000000000e+00 0.000000000000000000e+00 1.250354021832939058e-05 0.000000000000000000e+00 8.411129689593447312e-01 0.000000000000000000e+00 1.082968197452849635e-06 0.000000000000000000e+00 3.600076606176290384e-02 0.000000000000000000e+00 1.134315439331006897e-01 0.000000000000000000e+00 3.266769992838964486e-05 0.000000000000000000e+00 0.000000000000000000e+00 0.000000000000000000e+00 2.446899862705644111e-03 0.000000000000000000e+00 0.000000000000000000e+00 0.000000000000000000e+00 0.000000000000000000e+00 0.000000000000000000e+00 1.641958162780819208e-03 1.969029658661822745e-03 3.350579153299227276e-03
1.430000000000000000e+04 0.000000000000000000e+00 0.000000000000000000e+00 0.000000000000000000e+00 0.000000000000000000e+00 0.000000000000000000e+00 1.250354021832939058e-05 0.000000000000000000e+00 8.411129689593447312e-01 0.000000000000000000e+00 1.082968197452849423e-06 0.000000000000000000e+00 3.600076606176290384e-02 0.000000000000000000e+00 1.134315439331007036e-01 0.000000000000000000e+00 3.266769992838964486e-05 0.000000000000000000e+00 0.000000000000000000e+00 0.000000000000000000e+00 2.446899862705644978e-03 0.000000000000000000e+00 0.000000000000000000e+00 0.000000000000000000e+00 0.000000000000000000e+00 0.000000000000000000e+00 1.641958162780819208e-03 1.969029658661822745e-03 3.350579153299226842e-03
1.460000000000000000e+04 0.000000000000000000e+00 0.000000000000000000e+00 0.000000000000000000e+00 0.000000000000000000e+00 0.000000000000000000e+00 1.250354021832939058e-05 0.000000000000000000e+00 8.411129689593446201e-01 0.000000000000000000e+00 1.082968197452849211e-06 0.000000000000000000e+00 3.600076606176289690e-02 0.000000000000000000e+00 1.134315439331006897e-01 0.000000000000000000e+00 3.266769992838964486e-05 0.000000000000000000e+00 0.000000000000000000e+00 0.000000000000000000e+00 2.446899862705643677e-03 0.000000000000000000e+00 0.000000000000000000e+00 0.000000000000000000e+00 0.000000000000000000e+00 0.000000000000000000e+00 1.641958162780818992e-03 1.969029658661822311e-03 3.350579153299226409e-03
1.490000000000000000e+04 0.000000000000000000e+00 0.000000000000000000e+00 0.000000000000000000e+00 0.000000000000000000e+00 0.000000000000000000e+00 1.250354021832938719e-05 0.000000000000000000e+00 8.411129689593447312e-01 0.000000000000000000e+00 1.082968197452849211e-06 0.000000000000000000e+00 3.600076606176288996e-02 0.000000000000000000e+00 1.134315439331006897e-01 0.000000000000000000e+00 3.266769992838964486e-05 0.000000000000000000e+00 0.000000000000000000e+00 0.000000000000000000e+00 2.446899862705644111e-03 0.000000000000000000e+00 0.000000000000000000e+00 0.000000000000000000e+00 0.000000000000000000e+00 0.000000000000000000e+00 1.641958162780819425e-03 1.969029658661822311e-03 3.350579153299226409e-03
1.520000000000000000e+04 0.000000000000000000e+00 0.000000000000000000e+00 0.000000000000000000e+00 0.000000000000000000e+00 0.000000000000000000e+00 1.250354021832938719e-05 0.000000000000000000e+00 8.411129689593446201e-01 0.000000000000000000e+00 1.082968197452849635e-06 0.000000000000000000e+00 3.600076606176289690e-02 0.000000000000000000e+00 1.134315439331007036e-01 0.000000000000000000e+00 3.266769992838964486e-05 0.000000000000000000e+00 0.000000000000000000e+00 0.000000000000000000e+00 2.446899862705644111e-03 0.000000000000000000e+00 0.000000000000000000e+00 0.000000000000000000e+00 0.000000000000000000e+00 0.000000000000000000e+00 1.641958162780818992e-03 1.969029658661822311e-03 3.350579153299226409e-03
1.550000000000000000e+04 0.000000000000000000e+00 0.000000000000000000e+00 0.000000000000000000e+00 0.000000000000000000e+00 0.000000000000000000e+00 1.250354021832938888e-05 0.000000000000000000e+00 8.411129689593446201e-01 0.000000000000000000e+00 1.082968197452849211e-06 0.000000000000000000e+00 3.600076606176289690e-02 0.000000000000000000e+00 1.134315439331007036e-01 0.000000000000000000e+00 3.266769992838963808e-05 0.000000000000000000e+00 0.000000000000000000e+00 0.000000000000000000e+00 2.446899862705644545e-03 0.000000000000000000e+00 0.000000000000000000e+00 0.000000000000000000e+00 0.000000000000000000e+00 0.000000000000000000e+00 1.641958162780818992e-03 1.969029658661822311e-03 3.350579153299226842e-03
1.580000000000000000e+04 0.000000000000000000e+00 0.000000000000000000e+00 0.000000000000000000e+00 0.000000000000000000e+00 0.000000000000000000e+00 1.250354021832938719e-05 0.000000000000000000e+00 8.411129689593448422e-01 0.000000000000000000e+00 1.082968197452849423e-06 0.000000000000000000e+00 3.600076606176288996e-02 0.000000000000000000e+00 1.134315439331006897e-01 0.000000000000000000e+00 3.266769992838964486e-05 0.000000000000000000e+00 0.000000000000000000e+00 0.000000000000000000e+00 2.446899862705644111e-03 0.000000000000000000e+00 0.000000000000000000e+00 0.000000000000000000e+00 0.000000000000000000e+00 0.000000000000000000e+00 1.641958162780818992e-03 1.969029658661822311e-03 3.350579153299226409e-03
1.610000000000000000e+04 0.000000000000000000e+00 0.000000000000000000e+00 0.000000000000000000e+00 0.000000000000000000e+00 0.000000000000000000e+00 1.250354021832939058e-05 0.000000000000000000e+00 8.411129689593447312e-01 0.000000000000000000e+00 1.082968197452849423e-06 0.000000000000000000e+00 3.600076606176289690e-02 0.000000000000000000e+00 1.134315439331007175e-01 0.000000000000000000e+00 3.266769992838964486e-05 0.000000000000000000e+00 0.000000000000000000e+00 0.000000000000000000e+00 2.446899862705644545e-03 0.000000000000000000e+00 0.000000000000000000e+00 0.000000000000000000e+00 0.000000000000000000e+00 0.000000000000000000e+00 1.641958162780819208e-03 1.969029658661822745e-03 3.350579153299227710e-03
1.640000000000000000e+04 0.000000000000000000e+00 0.000000000000000000e+00 0.000000000000000000e+00 0.000000000000000000e+00 0.000000000000000000e+00 1.250354021832939058e-05 0.000000000000000000e+00 8.411129689593447312e-01 0.000000000000000000e+00 1.082968197452849423e-06 0.000000000000000000e+00 3.600076606176290384e-02 0.000000000000000000e+00 1.134315439331007036e-01 0.000000000000000000e+00 3.266769992838964486e-05 0.000000000000000000e+00 0.000000000000000000e+00 0.000000000000000000e+00 2.446899862705644545e-03 0.000000000000000000e+00 0.000000000000000000e+00 0.000000000000000000e+00 0.000000000000000000e+00 0.000000000000000000e+00 1.641958162780819425e-03 1.969029658661823178e-03 3.350579153299227276e-03
1.670000000000000000e+04 0.000000000000000000e+00 0.000000000000000000e+00 0.000000000000000000e+00 0.000000000000000000e+00 0.000000000000000000e+00 1.250354021832938719e-05 0.000000000000000000e+00 8.411129689593446201e-01 0.000000000000000000e+00 1.082968197452849211e-06 0.000000000000000000e+00 3.600076606176289690e-02 0.000000000000000000e+00 1.134315439331006758e-01 0.000000000000000000e+00 3.266769992838963808e-05 0.000000000000000000e+00 0.000000000000000000e+00 0.000000000000000000e+00 2.446899862705644111e-03 0.000000000000000000e+00 0.000000000000000000e+00 0.000000000000000000e+00 0.000000000000000000e+00 0.000000000000000000e+00 1.641958162780818992e-03 1.969029658661822311e-03 3.350579153299226409e-03
1.700000000000000000e+04 0.000000000000000000e+00 0.000000000000000000e+00 0.000000000000000000e+00 0.000000000000000000e+00 0.000000000000000000e+00 1.857057486964782955e-01 0.000000000000000000e+00 5.976064880077223140e-01 0.000000000000000000e+00 8.073031266844971077e-02 0.000000000000000000e+00 1.282519321223369591e-01 0.000000000000000000e+00 1.556221578747004632e-04 0.000000000000000000e+00 1.380630242189932212e-04 0.000000000000000000e+00 0.000000000000000000e+00 0.000000000000000000e+00 3.135132435293388684e-03 0.000000000000000000e+00 0.000000000000000000e+00 0.000000000000000000e+00 0.000000000000000000e+00 0.000000000000000000e+00 3.019399270344811943e-03 4.057577615696332280e-04 8.515438557112804414e-04
1.730000000000000000e+04 0.000000000000000000e+00 0.000000000000000000e+00 0.000000000000000000e+00 0.000000000000000000e+00 0.000000000000000000e+00 1.857057486964782955e-01 0.000000000000000000e+00 5.976064880077222030e-01 0.000000000000000000e+00 8.073031266844971077e-02 0.000000000000000000e+00 1.282519321223369591e-01 0.000000000000000000e+00 1.556221578747004632e-04 0.000000000000000000e+00 1.380630242189932484e-04 0.000000000000000000e+00 0.000000000000000000e+00 0.000000000000000000e+00 3.135132435293388684e-03 0.000000000000000000e+00 0.000000000000000000e+00 0.000000000000000000e+00 0.000000000000000000e+00 0.000000000000000000e+00 3.019399270344812376e-03 4.057577615696332280e-04 8.515438557112803329e-04
1.760000000000000000e+04 0.000000000000000000e+00 0.000000000000000000e+00 0.000000000000000000e+00 0.000000000000000000e+00 0.000000000000000000e+00 1.857057486964782955e-01 0.000000000000000000e+00 5.976064880077223140e-01 0.000000000000000000e+00 8.073031266844971077e-02 0.000000000000000000e+00 1.282519321223369591e-01 0.000000000000000000e+00 1.556221578747004632e-04 0.000000000000000000e+00 1.380630242189932484e-04 0.000000000000000000e+00 0.000000000000000000e+00 0.000000000000000000e+00 3.135132435293389117e-03 0.000000000000000000e+00 0.000000000000000000e+00 0.000000000000000000e+00 0.000000000000000000e+00 0.000000000000000000e+00 3.019399270344811075e-03 4.057577615696332280e-04 8.515438557112803329e-04
1.790000000000000000e+04 0.000000000000000000e+00 0.000000000000000000e+00 0.000000000000000000e+00 0.000000000000000000e+00 0.000000000000000000e+00 1.857057486964783233e-01 0.000000000000000000e+00 5.976064880077222030e-01 0.000000000000000000e+00 8.073031266844972464e-02 0.000000000000000000e+00 1.282519321223369868e-01 0.000000000000000000e+00 1.556221578747004903e-04 0.000000000000000000e+00 1.380630242189932755e-04 0.000000000000000000e+00 0.000000000000000000e+00 0.000000000000000000e+00 3.135132435293389551e-03 0.000000000000000000e+00 0.000000000000000000e+00 0.000000000000000000e+00 0.000000000000000000e+00 0.000000000000000000e+00 3.019399270344811943e-03 4.057577615696332822e-04 8.515438557112802245e-04
1.820000000000000000e+04 0.000000000000000000e+00 0.000000000000000000e+00 0.000000000000000000e+00 0.000000000000000000e+00 0.000000000000000000e+00 1.857057486964783510e-01 0.000000000000000000e+00 5.976064880077223140e-01 0.000000000000000000e+00 8.073031266844972464e-02 0.000000000000000000e+00 1.282519321223369868e-01 0.000000000000000000e+00 1.556221578747004903e-04 0.000000000000000000e+00 1.380630242189932755e-04 0.000000000000000000e+00 0.000000000000000000e+00 0.000000000000000000e+00 3.135132435293389985e-03 0.000000000000000000e+00 0.000000000000000000e+00 0.000000000000000000e+00 0.000000000000000000e+00 0.000000000000000000e+00 3.019399270344812376e-03 4.057577615696332822e-04 8.515438557112804414e-04
1.850000000000000000e+04 0.000000000000000000e+00 0.000000000000000000e+00 0.000000000000000000e+00 0.000000000000000000e+00 0.000000000000000000e+00 1.857057486964782955e-01 0.000000000000000000e+00 5.976064880077222030e-01 0.000000000000000000e+00 8.073031266844969689e-02 0.000000000000000000e+00 1.282519321223369591e-01 0.000000000000000000e+00 1.556221578747004361e-04 0.000000000000000000e+00 1.380630242189932484e-04 0.000000000000000000e+00 0.000000000000000000e+00 0.000000000000000000e+00 3.135132435293389117e-03 0.000000000000000000e+00 0.000000000000000000e+00 0.000000000000000000e+00 0.000000000000000000e+00 0.000000000000000000e+00 3.019399270344811943e-03 4.057577615696332280e-04 8.515438557112803329e-04
1.880000000000000000e+04 0.000000000000000000e+00 0.000000000000000000e+00 0.000000000000000000e+00 0.000000000000000000e+00 0.000000000000000000e+00 1.857057486964782678e-01 0.000000000000000000e+00 5.976064880077222030e-01 0.000000000000000000e+00 8.073031266844971077e-02 0.000000000000000000e+00 1.282519321223369591e-01 0.000000000000000000e+00 1.556221578747004903e-04 0.000000000000000000e+00 1.380630242189932484e-04 0.000000000000000000e+00 0.000000000000000000e+00 0.000000000000000000e+00 3.135132435293388684e-03 0.000000000000000000e+00 0.000000000000000000e+00 0.000000000000000000e+00 0.000000000000000000e+00 0.000000000000000000e+00 3.019399270344811943e-03 4.057577615696332280e-04 8.515438557112803329e-04
1.910000000000000000e+04 0.000000000000000000e+00 0.000000000000000000e+00 0.000000000000000000e+00 0.000000000000000000e+00 0.000000000000000000e+00 1.857057486964783233e-01 0.000000000000000000e+00 5.976064880077223140e-01 0.000000000000000000e+00 8.073031266844971077e-02 0.000000000000000000e+00 1.282519321223369868e-01 0.000000000000000000e+00 1.556221578747004903e-04 0.000000000000000000e+00 1.380630242189932484e-04 0.000000000000000000e+00 0.000000000000000000e+00 0.000000000000000000e+00 3.135132435293389117e-03 0.000000000000000000e+00 0.000000000000000000e+00 0.000000000000000000e+00 0.000000000000000000e+00 0.000000000000000000e+00 3.019399270344812376e-03 4.057577615696332280e-04 8.515438557112804414e-04
1.940000000000000000e+04 0.000000000000000000e+00 0.000000000000000000e+00 0.000000000000000000e+00 0.000000000000000000e+00 0.000000000000000000e+00 1.857057486964782678e-01 0.000000000000000000e+00 5.976064880077222030e-01 0.000000000000000000e+00 8.073031266844971077e-02 0.000000000000000000e+00 1.282519321223369868e-01 0.000000000000000000e+00 1.556221578747004632e-04 0.000000000000000000e+00 1.380630242189932484e-04 0.000000000000000000e+00 0.000000000000000000e+00 0.000000000000000000e+00 3.135132435293388684e-03 0.000000000000000000e+00 0.000000000000000000e+00 0.000000000000000000e+00 0.000000000000000000e+00 0.000000000000000000e+00 3.019399270344811943e-03 4.057577615696331737e-04 8.515438557112802245e-04
1.970000000000000000e+04 0.000000000000000000e+00 0.000000000000000000e+00 0.000000000000000000e+00 0.000000000000000000e+00 0.000000000000000000e+00 1.857057486964783233e-01 0.000000000000000000e+00 5.976064880077222030e-01 0.000000000000000000e+00 8.073031266844971077e-02 0.000000000000000000e+00 1.282519321223369591e-01 0.000000000000000000e+00 1.556221578747004632e-04 0.000000000000000000e+00 1.380630242189932212e-04 0.000000000000000000e+00 0.000000000000000000e+00 0.000000000000000000e+00 3.135132435293388684e-03 0.000000000000000000e+00 0.000000000000000000e+00 0.000000000000000000e+00 0.000000000000000000e+00 0.000000000000000000e+00 3.019399270344811943e-03 4.057577615696332822e-04 8.515438557112802245e-04
