3.500000000000000000e+03 0.000000000000000000e+00 0.000000000000000000e+00 0.000000000000000000e+00 0.000000000000000000e+00 0.000000000000000000e+00 9.682406728542343853e-06 0.000000000000000000e+00 1.713287134657563021e-02 0.000000000000000000e+00 2.449816857721220480e-06 0.000000000000000000e+00 2.253169206566339191e-04 0.000000000000000000e+00 4.990842105040768639e-02 0.000000000000000000e+00 1.708779038302574876e-04 0.000000000000000000e+00 0.000000000000000000e+00 0.000000000000000000e+00 2.408958026257792401e-02 0.000000000000000000e+00 0.000000000000000000e+00 0.000000000000000000e+00 0.000000000000000000e+00 0.000000000000000000e+00 3.195605740901566461e-01 2.151917812668996122e-01 3.737084449353093585e-01
3.800000000000000000e+03 0.000000000000000000e+00 0.000000000000000000e+00 0.000000000000000000e+00 0.000000000000000000e+00 0.000000000000000000e+00 9.682406728542345548e-06 0.000000000000000000e+00 1.713287134657563368e-02 0.000000000000000000e+00 2.449816857721221327e-06 0.000000000000000000e+00 2.253169206566339462e-04 0.000000000000000000e+00 4.990842105040768639e-02 0.000000000000000000e+00 1.708779038302574876e-04 0.000000000000000000e+00 0.000000000000000000e+00 0.000000000000000000e+00 2.408958026257792748e-02 0.000000000000000000e+00 0.000000000000000000e+00 0.000000000000000000e+00 0.000000000000000000e+00 0.000000000000000000e+00 3.195605740901566461e-01 2.151917812668996399e-01 3.737084449353094695e-01
4.100000000000000000e+03 0.000000000000000000e+00 0.000000000000000000e+00 0.000000000000000000e+00 0.000000000000000000e+00 0.000000000000000000e+00 9.682406728542345548e-06 0.000000000000000000e+00 1.713287134657563715e-02 0.000000000000000000e+00 2.449816857721220904e-06 0.000000000000000000e+00 2.253169206566339462e-04 0.000000000000000000e+00 4.990842105040769333e-02 0.000000000000000000e+00 1.708779038302575147e-04 0.000000000000000000e+00 0.000000000000000000e+00 0.000000000000000000e+00 2.408958026257793095e-02 0.000000000000000000e+00 0.000000000000000000e+00 0.000000000000000000e+00 0.000000000000000000e+00 0.000000000000000000e+00 3.195605740901566461e-01 2.151917812668996122e-01 3.737084449353094140e-01
4.400000000000000000e+03 0.000000000000000000e+00 0.000000000000000000e+00 0.000000000000000000e+00 0.000000000000000000e+00 0.000000000000000000e+00 9.682406728542343853e-06 0.000000000000000000e+00 1.713287134657563368e-02 0.000000000000000000e+00 2.449816857721220904e-06 0.000000000000000000e+00 2.253169206566339191e-04 0.000000000000000000e+00 4.990842105040768639e-02 0.000000000000000000e+00 1.708779038302574876e-04 0.000000000000000000e+00 0.000000000000000000e+00 0.000000000000000000e+00 2.408958026257792401e-02 0.000000000000000000e+00 0.000000000000000000e+00 0.000000000000000000e+00 0.000000000000000000e+00 0.000000000000000000e+00 3.195605740901566461e-01 2.151917812668996399e-01 3.737084449353093585e-01
4.700000000000000000e+03 0.000000000000000000e+00 0.000000000000000000e+00 0.000000000000000000e+00 0.000000000000000000e+00 0.000000000000000000e+00 9.682406728542342159e-06 0.000000000000000000e+00 1.713287134657563021e-02 0.000000000000000000e+00 2.449816857721220480e-06 0.000000000000000000e+00 2.253169206566338920e-04 0.000000000000000000e+00 4.990842105040767945e-02 0.000000000000000000e+00 1.708779038302574605e-04 0.000000000000000000e+00 0.000000000000000000e+00 0.000000000000000000e+00 2.408958026257792054e-02 0.000000000000000000e+00 0.000000000000000000e+00 0.000000000000000000e+00 0.000000000000000000e+00 0.000000000000000000e+00 3.195605740901565905e-01 2.151917812668995844e-01 3.737084449353093585e-01
5.000000000000000000e+03 0.000000000000000000e+00 0.000000000000000000e+00 0.000000000000000000e+00 0.000000000000000000e+00 0.000000000000000000e+00 9.682406728542343853e-06 0.000000000000000000e+00 1.713287134657563368e-02 0.000000000000000000e+00 2.449816857721220480e-06 0.000000000000000000e+00 2.253169206566339462e-04 0.000000000000000000e+00 4.990842105040767945e-02 0.000000000000000000e+00 1.708779038302574876e-04 0.000000000000000000e+00 0.000000000000000000e+00 0.000000000000000000e+00 2.408958026257792748e-02 0.000000000000000000e+00 0.000000000000000000e+00 0.000000000000000000e+00 0.000000000000000000e+00 0.000000000000000000e+00 3.195605740901565905e-01 2.151917812668995844e-01 3.737084449353094140e-01
5.300000000000000000e+03 0.000000000000000000e+00 0.000000000000000000e+00 0.000000000000000000e+00 0.000000000000000000e+00 0.000000000000000000e+00 9.682406728542345548e-06 0.000000000000000000e+00 1.713287134657563368e-02 0.000000000000000000e+00 2.449816857721220904e-06 0.000000000000000000e+00 2.253169206566339191e-04 0.000000000000000000e+00 4.990842105040769333e-02 0.000000000000000000e+00 1.708779038302574876e-04 0.000000000000000000e+00 0.000000000000000000e+00 0.000000000000000000e+00 2.408958026257792401e-02 0.000000000000000000e+00 0.000000000000000000e+00 0.000000000000000000e+00 0.000000000000000000e+00 0.000000000000000000e+00 3.195605740901566461e-01 2.151917812668996122e-01 3.737084449353093585e-01
5.600000000000000000e+03 0.000000000000000000e+00 0.000000000000000000e+00 0.000000000000000000e+00 0.000000000000000000e+00 0.000000000000000000e+00 9.682406728542343853e-06 0.000000000000000000e+00 1.713287134657563368e-02 0.000000000000000000e+00 2.449816857721220904e-06 0.000000000000000000e+00 2.253169206566339191e-04 0.000000000000000000e+00 4.990842105040769333e-02 0.000000000000000000e+00 1.708779038302575147e-04 0.000000000000000000e+00 0.000000000000000000e+00 0.000000000000000000e+00 2.408958026257792401e-02 0.000000000000000000e+00 0.000000000000000000e+00 0.000000000000000000e+00 0.000000000000000000e+00 0.000000000000000000e+00 3.195605740901565905e-01 2.151917812668995844e-01 3.737084449353094140e-01
5.900000000000000000e+03 0.000000000000000000e+00 0.000000000000000000e+00 0.000000000000000000e+00 0.000000000000000000e+00 0.000000000000000000e+00 9.682406728542342159e-06 0.000000000000000000e+00 1.713287134657563021e-02 0.000000000000000000e+00 2.449816857721220904e-06 0.000000000000000000e+00 2.253169206566338920e-04 0.000000000000000000e+00 4.990842105040767945e-02 0.000000000000000000e+00 1.708779038302574876e-04 0.000000000000000000e+00 0.000000000000000000e+00 0.000000000000000000e+00 2.408958026257792401e-02 0.000000000000000000e+00 0.000000000000000000e+00 0.000000000000000000e+00 0.000000000000000000e+00 0.000000000000000000e+00 3.195605740901565905e-01 2.151917812668995567e-01 3.737084449353094140e-01
6.200000000000000000e+03 0.000000000000000000e+00 0.000000000000000000e+00 0.000000000000000000e+00 0.000000000000000000e+00 0.000000000000000000e+00 9.682406728542342159e-06 0.000000000000000000e+00 1.713287134657563021e-02 0.000000000000000000e+00 2.449816857721220480e-06 0.000000000000000000e+00 2.253169206566338920e-04 0.000000000000000000e+00 4.990842105040767945e-02 0.000000000000000000e+00 1.708779038302574605e-04 0.000000000000000000e+00 0.000000000000000000e+00 0.000000000000000000e+00 2.408958026257792054e-02 0.000000000000000000e+00 0.000000000000000000e+00 0.000000000000000000e+00 0.000000000000000000e+00 0.000000000000000000e+00 3.195605740901566461e-01 2.151917812668995844e-01 3.737084449353093585e-01
6.500000000000000000e+03 0.000000000000000000e+00 0.000000000000000000e+00 0.000000000000000000e+00 0.000000000000000000e+00 0.000000000000000000e+00 9.682406728542342159e-06 0.000000000000000000e+00 1.713287134657563021e-02 0.000000000000000000e+00 2.449816857721220480e-06 0.000000000000000000e+00 2.253169206566338920e-04 0.000000000000000000e+00 4.990842105040767945e-02 0.000000000000000000e+00 1.708779038302574876e-04 0.000000000000000000e+00 0.000000000000000000e+00 0.000000000000000000e+00 2.408958026257792401e-02 0.000000000000000000e+00 0.000000000000000000e+00 0.000000000000000000e+00 0.000000000000000000e+00 0.000000000000000000e+00 3.195605740901566461e-01 2.151917812668996122e-01 3.737084449353093585e-01
6.800000000000000000e+03 0.000000000000000000e+00 0.000000000000000000e+00 0.000000000000000000e+00 0.000000000000000000e+00 0.000000000000000000e+00 9.682406728542345548e-06 0.000000000000000000e+00 1.713287134657563368e-02 0.000000000000000000e+00 2.449816857721221327e-06 0.000000000000000000e+00 2.253169206566339733e-04 0.000000000000000000e+00 4.990842105040768639e-02 0.000000000000000000e+00 1.708779038302575147e-04 0.000000000000000000e+00 0.000000000000000000e+00 0.000000000000000000e+00 2.408958026257792748e-02 0.000000000000000000e+00 0.000000000000000000e+00 0.000000000000000000e+00 0.000000000000000000e+00 0.000000000000000000e+00 3.195605740901566461e-01 2.151917812668996399e-01 3.737084449353094140e-01
7.100000000000000000e+03 0.000000000000000000e+00 0.000000000000000000e+00 0.000000000000000000e+00 0.000000000000000000e+00 0.000000000000000000e+00 1.279018628813268028e-05 0.000000000000000000e+00 2.566734348569732135e-02 0.000000000000000000e+00 4.165972534425934019e-06 0.000000000000000000e+00 1.008199368654460332e-02 0.000000000000000000e+00 2.867322717405349497e-01 0.000000000000000000e+00 2.226553105745418103e-03 0.000000000000000000e+00 0.000000000000000000e+00 0.000000000000000000e+00 8.054729517335942890e-02 0.000000000000000000e+00 0.000000000000000000e+00 0.000000000000000000e+00 0.000000000000000000e+00 0.000000000000000000e+00 3.235155643895351041e-01 1.585050965898654185e-01 1.127069256698952915e-01
7.400000000000000000e+03 0.000000000000000000e+00 0.000000000000000000e+00 0.000000000000000000e+00 0.000000000000000000e+00 0.000000000000000000e+00 1.279018628813268028e-05 0.000000000000000000e+00 2.566734348569732482e-02 0.000000000000000000e+00 4.165972534425934019e-06 0.000000000000000000e+00 1.008199368654460158e-02 0.000000000000000000e+00 2.867322717405348942e-01 0.000000000000000000e+00 2.226553105745418103e-03 0.000000000000000000e+00 0.000000000000000000e+00 0.000000000000000000e+00 8.054729517335942890e-02 0.000000000000000000e+00 0.000000000000000000e+00 0.000000000000000000e+00 0.000000000000000000e+00 0.000000000000000000e+00 3.235155643895351041e-01 1.585050965898653630e-01 1.127069256698952637e-01
7.700000000000000000e+03 0.000000000000000000e+00 0.000000000000000000e+00 0.000000000000000000e+00 0.000000000000000000e+00 0.000000000000000000e+00 1.279018628813268028e-05 0.000000000000000000e+00 2.566734348569732482e-02 0.000000000000000000e+00 4.165972534425933172e-06 0.000000000000000000e+00 1.008199368654460158e-02 0.000000000000000000e+00 2.867322717405349497e-01 0.000000000000000000e+00 2.226553105745417670e-03 0.000000000000000000e+00 0.000000000000000000e+00 0.000000000000000000e+00 8.054729517335941502e-02 0.000000000000000000e+00 0.000000000000000000e+00 0.000000000000000000e+00 0.000000000000000000e+00 0.000000000000000000e+00 3.235155643895350486e-01 1.585050965898653630e-01 1.127069256698952915e-01
8.000000000000000000e+03 0.000000000000000000e+00 0.000000000000000000e+00 0.000000000000000000e+00 0.000000000000000000e+00 0.000000000000000000e+00 1.279018628813268028e-05 0.000000000000000000e+00 2.566734348569732482e-02 0.000000000000000000e+00 4.165972534425934019e-06 0.000000000000000000e+00 1.008199368654460158e-02 0.000000000000000000e+00 2.867322717405349497e-01 0.000000000000000000e+00 2.226553105745418103e-03 0.000000000000000000e+00 0.000000000000000000e+00 0.000000000000000000e+00 8.054729517335942890e-02 0.000000000000000000e+00 0.000000000000000000e+00 0.000000000000000000e+00 0.000000000000000000e+00 0.000000000000000000e+00 3.235155643895351596e-01 1.585050965898653630e-01 1.127069256698952915e-01
8.300000000000000000e+03 0.000000000000000000e+00 0.000000000000000000e+00 0.000000000000000000e+00 0.000000000000000000e+00 0.000000000000000000e+00 1.279018628813268028e-05 0.000000000000000000e+00 2.566734348569732482e-02 0.000000000000000000e+00 4.165972534425934019e-06 0.000000000000000000e+00 1.008199368654460332e-02 0.000000000000000000e+00 2.867322717405348942e-01 0.000000000000000000e+00 2.226553105745418103e-03 0.000000000000000000e+00 0.000000000000000000e+00 0.000000000000000000e+00 8.054729517335942890e-02 0.000000000000000000e+00 0.000000000000000000e+00 0.000000000000000000e+00 0.000000000000000000e+00 0.000000000000000000e+00 3.235155643895351596e-01 1.585050965898653907e-01 1.127069256698952776e-01
8.600000000000000000e+03 0.000000000000000000e+00 0.000000000000000000e+00 0.000000000000000000e+00 0.000000000000000000e+00 0.000000000000000000e+00 1.279018628813268197e-05 0.000000000000000000e+00 2.566734348569732482e-02 0.000000000000000000e+00 4.165972534425934019e-06 0.000000000000000000e+00 1.008199368654460332e-02 0.000000000000000000e+00 2.867322717405348942e-01 0.000000000000000000e+00 2.226553105745417670e-03 0.000000000000000000e+00 0.000000000000000000e+00 0.000000000000000000e+00 8.054729517335941502e-02 0.000000000000000000e+00 0.000000000000000000e+00 0.000000000000000000e+00 0.000000000000000000e+00 0.000000000000000000e+00 3.235155643895351041e-01 1.585050965898653630e-01 1.127069256698952776e-01
8.900000000000000000e+03 0.000000000000000000e+00 0.000000000000000000e+00 0.000000000000000000e+00 0.000000000000000000e+00 0.000000000000000000e+00 1.279018628813268028e-05 0.000000000000000000e+00 2.566734348569732482e-02 0.000000000000000000e+00 4.165972534425934019e-06 0.000000000000000000e+00 1.008199368654460158e-02 0.000000000000000000e+00 2.867322717405349497e-01 0.000000000000000000e+00 2.226553105745417670e-03 0.000000000000000000e+00 0.000000000000000000e+00 0.000000000000000000e+00 8.054729517335941502e-02 0.000000000000000000e+00 0.000000000000000000e+00 0.000000000000000000e+00 0.000000000000000000e+00 0.000000000000000000e+00 3.235155643895350486e-01 1.585050965898653907e-01 1.127069256698952915e-01
9.200000000000000000e+03 0.000000000000000000e+00 0.000000000000000000e+00 0.000000000000000000e+00 0.000000000000000000e+00 0.000000000000000000e+00 1.279018628813268197e-05 0.000000000000000000e+00 2.566734348569732482e-02 0.000000000000000000e+00 4.165972534425934866e-06 0.000000000000000000e+00 1.008199368654460332e-02 0.000000000000000000e+00 2.867322717405348942e-01 0.000000000000000000e+00 2.226553105745418103e-03 0.000000000000000000e+00 0.000000000000000000e+00 0.000000000000000000e+00 8.054729517335942890e-02 0.000000000000000000e+00 0.000000000000000000e+00 0.000000000000000000e+00 0.000000000000000000e+00 0.000000000000000000e+00 3.235155643895351596e-01 1.585050965898653907e-01 1.127069256698953054e-01
9.500000000000000000e+03 0.000000000000000000e+00 0.000000000000000000e+00 0.000000000000000000e+00 0.000000000000000000e+00 0.000000000000000000e+00 1.279018628813268028e-05 0.000000000000000000e+00 2.566734348569732482e-02 0.000000000000000000e+00 4.165972534425934019e-06 0.000000000000000000e+00 1.008199368654460158e-02 0.000000000000000000e+00 2.867322717405348387e-01 0.000000000000000000e+00 2.226553105745417670e-03 0.000000000000000000e+00 0.000000000000000000e+00 0.000000000000000000e+00 8.054729517335941502e-02 0.000000000000000000e+00 0.000000000000000000e+00 0.000000000000000000e+00 0.000000000000000000e+00 0.000000000000000000e+00 3.235155643895350486e-01 1.585050965898653907e-01 1.127069256698952637e-01
9.800000000000000000e+03 0.000000000000000000e+00 0.000000000000000000e+00 0.000000000000000000e+00 0.000000000000000000e+00 0.000000000000000000e+00 1.279018628813268197e-05 0.000000000000000000e+00 2.566734348569732829e-02 0.000000000000000000e+00 4.165972534425934019e-06 0.000000000000000000e+00 1.008199368654460505e-02 0.000000000000000000e+00 2.867322717405349497e-01 0.000000000000000000e+00 2.226553105745418103e-03 0.000000000000000000e+00 0.000000000000000000e+00 0.000000000000000000e+00 8.054729517335942890e-02 0.000000000000000000e+00 0.000000000000000000e+00 0.000000000000000000e+00 0.000000000000000000e+00 0.000000000000000000e+00 3.235155643895351596e-01 1.585050965898654185e-01 1.127069256698953054e-01
1.010000000000000000e+04 0.000000000000000000e+00 0.000000000000000000e+00 0.000000000000000000e+00 0.000000000000000000e+00 0.000000000000000000e+00 3.241119942533432871e-06 0.000000000000000000e+00 5.276444948417297748e-03 0.000000000000000000e+00 7.028029351150079358e-07 0.000000000000000000e+00 1.875027144970640158e-01 0.000000000000000000e+00 5.897712382692316124e-01 0.000000000000000000e+00 1.038005288838224627e-01 0.000000000000000000e+00 0.000000000000000000e+00 0.000000000000000000e+00 7.782235421219177440e-02 0.000000000000000000e+00 0.000000000000000000e+00 0.000000000000000000e+00 0.000000000000000000e+00 0.000000000000000000e+00 2.501781832916459558e-02 4.388673600139762591e-03 6.416283337091065186e-03
1.040000000000000000e+04 0.000000000000000000e+00 0.000000000000000000e+00 0.000000000000000000e+00 0.000000000000000000e+00 0.000000000000000000e+00 3.241119942533432024e-06 0.000000000000000000e+00 5.276444948417296880e-03 0.000000000000000000e+00 7.028029351150077241e-07 0.000000000000000000e+00 1.875027144970639881e-01 0.000000000000000000e+00 5.897712382692315014e-01 0.000000000000000000e+00 1.038005288838224349e-01 0.000000000000000000e+00 0.000000000000000000e+00 0.000000000000000000e+00 7.782235421219177440e-02 0.000000000000000000e+00 0.000000000000000000e+00 0.000000000000000000e+00 0.000000000000000000e+00 0.000000000000000000e+00 2.501781832916459558e-02 4.388673600139760857e-03 6.416283337091065186e-03
1.070000000000000000e+04 0.000000000000000000e+00 0.000000000000000000e+00 0.000000000000000000e+00 0.000000000000000000e+00 0.000000000000000000e+00 3.241119942533432448e-06 0.000000000000000000e+00 5.276444948417296880e-03 0.000000000000000000e+00 7.028029351150078299e-07 0.000000000000000000e+00 1.875027144970639881e-01 0.000000000000000000e+00 5.897712382692316124e-01 0.000000000000000000e+00 1.038005288838224488e-01 0.000000000000000000e+00 0.000000000000000000e+00 0.000000000000000000e+00 7.782235421219176053e-02 0.000000000000000000e+00 0.000000000000000000e+00 0.000000000000000000e+00 0.000000000000000000e+00 0.000000000000000000e+00 2.501781832916459211e-02 4.388673600139761724e-03 6.416283337091066054e-03
1.100000000000000000e+04 0.000000000000000000e+00 0.000000000000000000e+00 0.000000000000000000e+00 0.000000000000000000e+00 0.000000000000000000e+00 3.241119942533432024e-06 0.000000000000000000e+00 5.276444948417295146e-03 0.000000000000000000e+00 7.028029351150077241e-07 0.000000000000000000e+00 1.875027144970639603e-01 0.000000000000000000e+00 5.897712382692313904e-01 0.000000000000000000e+00 1.038005288838224210e-01 0.000000000000000000e+00 0.000000000000000000e+00 0.000000000000000000e+00 7.782235421219174665e-02 0.000000000000000000e+00 0.000000000000000000e+00 0.000000000000000000e+00 0.000000000000000000e+00 0.000000000000000000e+00 2.501781832916458864e-02 4.388673600139760857e-03 6.416283337091064319e-03
1.130000000000000000e+04 0.000000000000000000e+00 0.000000000000000000e+00 0.000000000000000000e+00 0.000000000000000000e+00 0.000000000000000000e+00 3.241119942533432024e-06 0.000000000000000000e+00 5.276444948417296013e-03 0.000000000000000000e+00 7.028029351150077241e-07 0.000000000000000000e+00 1.875027144970639603e-01 0.000000000000000000e+00 5.897712382692315014e-01 0.000000000000000000e+00 1.038005288838224488e-01 0.000000000000000000e+00 0.000000000000000000e+00 0.000000000000000000e+00 7.782235421219176053e-02 0.000000000000000000e+00 0.000000000000000000e+00 0.000000000000000000e+00 0.000000000000000000e+00 0.000000000000000000e+00 2.501781832916459558e-02 4.388673600139760857e-03 6.416283337091063452e-03
1.160000000000000000e+04 0.000000000000000000e+00 0.000000000000000000e+00 0.000000000000000000e+00 0.000000000000000000e+00 0.000000000000000000e+00 3.241119942533431601e-06 0.000000000000000000e+00 5.276444948417295146e-03 0.000000000000000000e+00 7.028029351150076182e-07 0.000000000000000000e+00 1.875027144970639048e-01 0.000000000000000000e+00 5.897712382692313904e-01 0.000000000000000000e+00 1.038005288838224349e-01 0.000000000000000000e+00 0.000000000000000000e+00 0.000000000000000000e+00 7.782235421219174665e-02 0.000000000000000000e+00 0.000000000000000000e+00 0.000000000000000000e+00 0.000000000000000000e+00 0.000000000000000000e+00 2.501781832916458517e-02 4.388673600139760857e-03 6.416283337091063452e-03
1.190000000000000000e+04 0.000000000000000000e+00 0.000000000000000000e+00 0.000000000000000000e+00 0.000000000000000000e+00 0.000000000000000000e+00 3.241119942533432871e-06 0.000000000000000000e+00 5.276444948417297748e-03 0.000000000000000000e+00 7.028029351150079358e-07 0.000000000000000000e+00 1.875027144970640158e-01 0.000000000000000000e+00 5.897712382692316124e-01 0.000000000000000000e+00 1.038005288838224627e-01 0.000000000000000000e+00 0.000000000000000000e+00 0.000000000000000000e+00 7.782235421219178828e-02 0.000000000000000000e+00 0.000000000000000000e+00 0.000000000000000000e+00 0.000000000000000000e+00 0.000000000000000000e+00 2.501781832916459905e-02 4.388673600139763459e-03 6.416283337091066054e-03
1.220000000000000000e+04 0.000000000000000000e+00 0.000000000000000000e+00 0.000000000000000000e+00 0.000000000000000000e+00 0.000000000000000000e+00 3.241119942533432871e-06 0.000000000000000000e+00 5.276444948417296880e-03 0.000000000000000000e+00 7.028029351150078299e-07 0.000000000000000000e+00 1.875027144970639881e-01 0.000000000000000000e+00 5.897712382692315014e-01 0.000000000000000000e+00 1.038005288838224488e-01 0.000000000000000000e+00 0.000000000000000000e+00 0.000000000000000000e+00 7.782235421219177440e-02 0.000000000000000000e+00 0.000000000000000000e+00 0.000000000000000000e+00 0.000000000000000000e+00 0.000000000000000000e+00 2.501781832916459558e-02 4.388673600139762591e-03 6.416283337091065186e-03
1.250000000000000000e+04 0.000000000000000000e+00 0.000000000000000000e+00 0.000000000000000000e+00 0.000000000000000000e+00 0.000000000000000000e+00 3.241119942533431601e-06 0.000000000000000000e+00 5.276444948417296880e-03 0.000000000000000000e+00 7.028029351150078299e-07 0.000000000000000000e+00 1.875027144970639881e-01 0.000000000000000000e+00 5.897712382692315014e-01 0.000000000000000000e+00 1.038005288838224349e-01 0.000000000000000000e+00 0.000000000000000000e+00 0.000000000000000000e+00 7.782235421219176053e-02 0.000000000000000000e+00 0.000000000000000000e+00 0.000000000000000000e+00 0.000000000000000000e+00 0.000000000000000000e+00 2.501781832916459905e-02 4.388673600139761724e-03 6.416283337091064319e-03
1.280000000000000000e+04 0.000000000000000000e+00 0.000000000000000000e+00 0.000000000000000000e+00 0.000000000000000000e+00 0.000000000000000000e+00 3.241119942533432024e-06 0.000000000000000000e+00 5.276444948417295146e-03 0.000000000000000000e+00 7.028029351150075123e-07 0.000000000000000000e+00 1.875027144970639326e-01 0.000000000000000000e+00 5.897712382692313904e-01 0.000000000000000000e+00 1.038005288838224210e-01 0.000000000000000000e+00 0.000000000000000000e+00 0.000000000000000000e+00 7.782235421219176053e-02 0.000000000000000000e+00 0.000000000000000000e+00 0.000000000000000000e+00 0.000000000000000000e+00 0.000000000000000000e+00 2.501781832916459211e-02 4.388673600139760857e-03 6.416283337091063452e-03
1.310000000000000000e+04 0.000000000000000000e+00 0.000000000000000000e+00 0.000000000000000000e+00 0.000000000000000000e+00 0.000000000000000000e+00 8.255277474704178086e-06 0.000000000000000000e+00 8.971463158562559270e-01 0.000000000000000000e+00 7.173586039475656738e-07 0.000000000000000000e+00 1.794245295871694720e-02 0.000000000000000000e+00 7.831267286501662761e-02 0.000000000000000000e+00 2.211574239149257084e-05 0.000000000000000000e+00 0.000000000000000000e+00 0.000000000000000000e+00 2.002780428916111407e-03 0.000000000000000000e+00 0.000000000000000000e+00 0.000000000000000000e+00 0.000000000000000000e+00 0.000000000000000000e+00 1.499483150766490460e-03 1.829382474934858642e-03 1.235823886923186196e-03
1.340000000000000000e+04 0.000000000000000000e+00 0.000000000000000000e+00 0.000000000000000000e+00 0.000000000000000000e+00 0.000000000000000000e+00 8.255277474704178086e-06 0.000000000000000000e+00 8.971463158562557050e-01 0.000000000000000000e+00 7.173586039475657797e-07 0.000000000000000000e+00 1.794245295871694720e-02 0.000000000000000000e+00 7.831267286501662761e-02 0.000000000000000000e+00 2.211574239149257084e-05 0.000000000000000000e+00 0.000000000000000000e+00 0.000000000000000000e+00 2.002780428916111407e-03 0.000000000000000000e+00 0.000000000000000000e+00 0.000000000000000000e+00 0.000000000000000000e+00 0.000000000000000000e+00 1.499483150766490460e-03 1.829382474934858208e-03 1.235823886923186196e-03
1.370000000000000000e+04 0.000000000000000000e+00 0.000000000000000000e+00 0.000000000000000000e+00 0.000000000000000000e+00 0.000000000000000000e+00 8.255277474704174697e-06 0.000000000000000000e+00 8.971463158562555940e-01 0.000000000000000000e+00 7.173586039475655679e-07 0.000000000000000000e+00 1.794245295871694026e-02 0.000000000000000000e+00 7.831267286501659985e-02 0.000000000000000000e+00 2.211574239149256406e-05 0.000000000000000000e+00 0.000000000000000000e+00 0.000000000000000000e+00 2.002780428916110973e-03 0.000000000000000000e+00 0.000000000000000000e+00 0.000000000000000000e+00 0.000000000000000000e+00 0.000000000000000000e+00 1.499483150766489810e-03 1.829382474934857991e-03 1.235823886923185762e-03
1.400000000000000000e+04 0.000000000000000000e+00 0.000000000000000000e+00 0.000000000000000000e+00 0.000000000000000000e+00 0.000000000000000000e+00 8.255277474704176391e-06 0.000000000000000000e+00 8.971463158562555940e-01 0.000000000000000000e+00 7.173586039475655679e-07 0.000000000000000000e+00 1.794245295871694373e-02 0.000000000000000000e+00 7.831267286501661373e-02 0.000000000000000000e+00 2.211574239149256406e-05 0.000000000000000000e+00 0.000000000000000000e+00 0.000000000000000000e+00 2.002780428916110540e-03 0.000000000000000000e+00 0.000000000000000000e+00 0.000000000000000000e+00 0.000000000000000000e+00 0.000000000000000000e+00 1.499483150766490027e-03 1.829382474934858208e-03 1.235823886923185762e-03
1.430000000000000000e+04 0.000000000000000000e+00 0.000000000000000000e+00 0.000000000000000000e+00 0.000000000000000000e+00 0.000000000000000000e+00 8.255277474704178086e-06 0.000000000000000000e+00 8.971463158562555940e-01 0.000000000000000000e+00 7.173586039475655679e-07 0.000000000000000000e+00 1.794245295871694373e-02 0.000000000000000000e+00 7.831267286501661373e-02 0.000000000000000000e+00 2.211574239149256745e-05 0.000000000000000000e+00 0.000000000000000000e+00 0.000000000000000000e+00 2.002780428916111407e-03 0.000000000000000000e+00 0.000000000000000000e+00 0.000000000000000000e+00 0.000000000000000000e+00 0.000000000000000000e+00 1.499483150766490460e-03 1.829382474934858208e-03 1.235823886923185762e-03
1.460000000000000000e+04 0.000000000000000000e+00 0.000000000000000000e+00 0.000000000000000000e+00 0.000000000000000000e+00 0.000000000000000000e+00 8.255277474704178086e-06 0.000000000000000000e+00 8.971463158562557050e-01 0.000000000000000000e+00 7.173586039475657797e-07 0.000000000000000000e+00 1.794245295871694373e-02 0.000000000000000000e+00 7.831267286501661373e-02 0.000000000000000000e+00 2.211574239149257084e-05 0.000000000000000000e+00 0.000000000000000000e+00 0.000000000000000000e+00 2.002780428916110973e-03 0.000000000000000000e+00 0.000000000000000000e+00 0.000000000000000000e+00 0.000000000000000000e+00 0.000000000000000000e+00 1.499483150766490460e-03 1.829382474934858425e-03 1.235823886923185979e-03
1.490000000000000000e+04 0.000000000000000000e+00 0.000000000000000000e+00 0.000000000000000000e+00 0.000000000000000000e+00 0.000000000000000000e+00 8.255277474704178086e-06 0.000000000000000000e+00 8.971463158562558160e-01 0.000000000000000000e+00 7.173586039475656738e-07 0.000000000000000000e+00 1.794245295871694373e-02 0.000000000000000000e+00 7.831267286501661373e-02 0.000000000000000000e+00 2.211574239149257084e-05 0.000000000000000000e+00 0.000000000000000000e+00 0.000000000000000000e+00 2.002780428916111407e-03 0.000000000000000000e+00 0.000000000000000000e+00 0.000000000000000000e+00 0.000000000000000000e+00 0.000000000000000000e+00 1.499483150766490460e-03 1.829382474934858425e-03 1.235823886923185979e-03
1.520000000000000000e+04 0.000000000000000000e+00 0.000000000000000000e+00 0.000000000000000000e+00 0.000000000000000000e+00 0.000000000000000000e+00 8.255277474704178086e-06 0.000000000000000000e+00 8.971463158562555940e-01 0.000000000000000000e+00 7.173586039475656738e-07 0.000000000000000000e+00 1.794245295871694373e-02 0.000000000000000000e+00 7.831267286501661373e-02 0.000000000000000000e+00 2.211574239149256745e-05 0.000000000000000000e+00 0.000000000000000000e+00 0.000000000000000000e+00 2.002780428916110973e-03 0.000000000000000000e+00 0.000000000000000000e+00 0.000000000000000000e+00 0.000000000000000000e+00 0.000000000000000000e+00 1.499483150766490460e-03 1.829382474934858208e-03 1.235823886923185979e-03
1.550000000000000000e+04 0.000000000000000000e+00 0.000000000000000000e+00 0.000000000000000000e+00 0.000000000000000000e+00 0.000000000000000000e+00 8.255277474704176391e-06 0.000000000000000000e+00 8.971463158562557050e-01 0.000000000000000000e+00 7.173586039475656738e-07 0.000000000000000000e+00 1.794245295871694026e-02 0.000000000000000000e+00 7.831267286501661373e-02 0.000000000000000000e+00 2.211574239149256406e-05 0.000000000000000000e+00 0.000000000000000000e+00 0.000000000000000000e+00 2.002780428916110973e-03 0.000000000000000000e+00 0.000000000000000000e+00 0.000000000000000000e+00 0.000000000000000000e+00 0.000000000000000000e+00 1.499483150766490027e-03 1.829382474934857991e-03 1.235823886923185979e-03
1.580000000000000000e+04 0.000000000000000000e+00 0.000000000000000000e+00 0.000000000000000000e+00 0.000000000000000000e+00 0.000000000000000000e+00 8.255277474704174697e-06 0.000000000000000000e+00 8.971463158562554829e-01 0.000000000000000000e+00 7.173586039475654621e-07 0.000000000000000000e+00 1.794245295871693680e-02 0.000000000000000000e+00 7.831267286501658598e-02 0.000000000000000000e+00 2.211574239149255729e-05 0.000000000000000000e+00 0.000000000000000000e+00 0.000000000000000000e+00 2.002780428916110540e-03 0.000000000000000000e+00 0.000000000000000000e+00 0.000000000000000000e+00 0.000000000000000000e+00 0.000000000000000000e+00 1.499483150766490027e-03 1.829382474934857774e-03 1.235823886923185762e-03
1.610000000000000000e+04 0.000000000000000000e+00 0.000000000000000000e+00 0.000000000000000000e+00 0.000000000000000000e+00 0.000000000000000000e+00 8.255277474704178086e-06 0.000000000000000000e+00 8.971463158562557050e-01 0.000000000000000000e+00 7.173586039475657797e-07 0.000000000000000000e+00 1.794245295871694720e-02 0.000000000000000000e+00 7.831267286501662761e-02 0.000000000000000000e+00 2.211574239149256745e-05 0.000000000000000000e+00 0.000000000000000000e+00 0.000000000000000000e+00 2.002780428916111407e-03 0.000000000000000000e+00 0.000000000000000000e+00 0.000000000000000000e+00 0.000000000000000000e+00 0.000000000000000000e+00 1.499483150766490677e-03 1.829382474934858858e-03 1.235823886923185979e-03
1.640000000000000000e+04 0.000000000000000000e+00 0.000000000000000000e+00 0.000000000000000000e+00 0.000000000000000000e+00 0.000000000000000000e+00 8.255277474704178086e-06 0.000000000000000000e+00 8.971463158562557050e-01 0.000000000000000000e+00 7.173586039475657797e-07 0.000000000000000000e+00 1.794245295871694720e-02 0.000000000000000000e+00 7.831267286501662761e-02 0.000000000000000000e+00 2.211574239149257084e-05 0.000000000000000000e+00 0.000000000000000000e+00 0.000000000000000000e+00 2.002780428916111407e-03 0.000000000000000000e+00 0.000000000000000000e+00 0.000000000000000000e+00 0.000000000000000000e+00 0.000000000000000000e+00 1.499483150766490460e-03 1.829382474934858208e-03 1.235823886923185979e-03
1.670000000000000000e+04 0.000000000000000000e+00 0.000000000000000000e+00 0.000000000000000000e+00 0.000000000000000000e+00 0.000000000000000000e+00 8.255277474704178086e-06 0.000000000000000000e+00 8.971463158562557050e-01 0.000000000000000000e+00 7.173586039475656738e-07 0.000000000000000000e+00 1.794245295871694373e-02 0.000000000000000000e+00 7.831267286501662761e-02 0.000000000000000000e+00 2.211574239149256745e-05 0.000000000000000000e+00 0.000000000000000000e+00 0.000000000000000000e+00 2.002780428916111407e-03 0.000000000000000000e+00 0.000000000000000000e+00 0.000000000000000000e+00 0.000000000000000000e+00 0.000000000000000000e+00 1.499483150766490460e-03 1.829382474934858208e-03 1.235823886923185979e-03
1.700000000000000000e+04 0.000000000000000000e+00 0.000000000000000000e+00 0.000000000000000000e+00 0.000000000000000000e+00 0.000000000000000000e+00 1.792256871626618231e-01 0.000000000000000000e+00 5.739391770977990692e-01 0.000000000000000000e+00 7.746189523086284556e-02 0.000000000000000000e+00 1.631552667971426784e-01 0.000000000000000000e+00 1.461148699508278237e-04 0.000000000000000000e+00 1.302866077168297323e-04 0.000000000000000000e+00 0.000000000000000000e+00 0.000000000000000000e+00 2.037087481863466588e-03 0.000000000000000000e+00 0.000000000000000000e+00 0.000000000000000000e+00 0.000000000000000000e+00 0.000000000000000000e+00 2.663994514400375418e-03 3.882998610204070351e-04 8.521903765816041818e-04
1.730000000000000000e+04 0.000000000000000000e+00 0.000000000000000000e+00 0.000000000000000000e+00 0.000000000000000000e+00 0.000000000000000000e+00 1.792256871626618786e-01 0.000000000000000000e+00 5.739391770977991802e-01 0.000000000000000000e+00 7.746189523086285944e-02 0.000000000000000000e+00 1.631552667971427062e-01 0.000000000000000000e+00 1.461148699508278237e-04 0.000000000000000000e+00 1.302866077168297594e-04 0.000000000000000000e+00 0.000000000000000000e+00 0.000000000000000000e+00 2.037087481863467456e-03 0.000000000000000000e+00 0.000000000000000000e+00 0.000000000000000000e+00 0.000000000000000000e+00 0.000000000000000000e+00 2.663994514400375851e-03 3.882998610204071435e-04 8.521903765816042902e-04
1.760000000000000000e+04 0.000000000000000000e+00 0.000000000000000000e+00 0.000000000000000000e+00 0.000000000000000000e+00 0.000000000000000000e+00 1.792256871626617953e-01 0.000000000000000000e+00 5.739391770977990692e-01 0.000000000000000000e+00 7.746189523086284556e-02 0.000000000000000000e+00 1.631552667971426507e-01 0.000000000000000000e+00 1.461148699508277966e-04 0.000000000000000000e+00 1.302866077168297052e-04 0.000000000000000000e+00 0.000000000000000000e+00 0.000000000000000000e+00 2.037087481863466588e-03 0.000000000000000000e+00 0.000000000000000000e+00 0.000000000000000000e+00 0.000000000000000000e+00 0.000000000000000000e+00 2.663994514400375418e-03 3.882998610204069809e-04 8.521903765816040734e-04
1.790000000000000000e+04 0.000000000000000000e+00 0.000000000000000000e+00 0.000000000000000000e+00 0.000000000000000000e+00 0.000000000000000000e+00 1.792256871626618508e-01 0.000000000000000000e+00 5.739391770977991802e-01 0.000000000000000000e+00 7.746189523086285944e-02 0.000000000000000000e+00 1.631552667971427339e-01 0.000000000000000000e+00 1.461148699508278508e-04 0.000000000000000000e+00 1.302866077168297594e-04 0.000000000000000000e+00 0.000000000000000000e+00 0.000000000000000000e+00 2.037087481863467022e-03 0.000000000000000000e+00 0.000000000000000000e+00 0.000000000000000000e+00 0.000000000000000000e+00 0.000000000000000000e+00 2.663994514400375851e-03 3.882998610204070893e-04 8.521903765816043986e-04
1.820000000000000000e+04 0.000000000000000000e+00 0.000000000000000000e+00 0.000000000000000000e+00 0.000000000000000000e+00 0.000000000000000000e+00 1.792256871626618786e-01 0.000000000000000000e+00 5.739391770977991802e-01 0.000000000000000000e+00 7.746189523086285944e-02 0.000000000000000000e+00 1.631552667971427062e-01 0.000000000000000000e+00 1.461148699508278508e-04 0.000000000000000000e+00 1.302866077168297594e-04 0.000000000000000000e+00 0.000000000000000000e+00 0.000000000000000000e+00 2.037087481863467456e-03 0.000000000000000000e+00 0.000000000000000000e+00 0.000000000000000000e+00 0.000000000000000000e+00 0.000000000000000000e+00 2.663994514400376285e-03 3.882998610204071435e-04 8.521903765816043986e-04
1.850000000000000000e+04 0.000000000000000000e+00 0.000000000000000000e+00 0.000000000000000000e+00 0.000000000000000000e+00 0.000000000000000000e+00 1.792256871626617676e-01 0.000000000000000000e+00 5.739391770977989582e-01 0.000000000000000000e+00 7.746189523086281781e-02 0.000000000000000000e+00 1.631552667971426507e-01 0.000000000000000000e+00 1.461148699508277695e-04 0.000000000000000000e+00 1.302866077168297052e-04 0.000000000000000000e+00 0.000000000000000000e+00 0.000000000000000000e+00 2.037087481863466155e-03 0.000000000000000000e+00 0.000000000000000000e+00 0.000000000000000000e+00 0.000000000000000000e+00 0.000000000000000000e+00 2.663994514400374984e-03 3.882998610204069266e-04 8.521903765816040734e-04
1.880000000000000000e+04 0.000000000000000000e+00 0.000000000000000000e+00 0.000000000000000000e+00 0.000000000000000000e+00 0.000000000000000000e+00 1.792256871626617676e-01 0.000000000000000000e+00 5.739391770977990692e-01 0.000000000000000000e+00 7.746189523086284556e-02 0.000000000000000000e+00 1.631552667971426784e-01 0.000000000000000000e+00 1.461148699508277695e-04 0.000000000000000000e+00 1.302866077168297052e-04 0.000000000000000000e+00 0.000000000000000000e+00 0.000000000000000000e+00 2.037087481863466588e-03 0.000000000000000000e+00 0.000000000000000000e+00 0.000000000000000000e+00 0.000000000000000000e+00 0.000000000000000000e+00 2.663994514400374984e-03 3.882998610204069266e-04 8.521903765816040734e-04
1.910000000000000000e+04 0.000000000000000000e+00 0.000000000000000000e+00 0.000000000000000000e+00 0.000000000000000000e+00 0.000000000000000000e+00 1.792256871626618231e-01 0.000000000000000000e+00 5.739391770977990692e-01 0.000000000000000000e+00 7.746189523086284556e-02 0.000000000000000000e+00 1.631552667971426784e-01 0.000000000000000000e+00 1.461148699508278237e-04 0.000000000000000000e+00 1.302866077168297323e-04 0.000000000000000000e+00 0.000000000000000000e+00 0.000000000000000000e+00 2.037087481863467022e-03 0.000000000000000000e+00 0.000000000000000000e+00 0.000000000000000000e+00 0.000000000000000000e+00 0.000000000000000000e+00 2.663994514400375851e-03 3.882998610204070351e-04 8.521903765816042902e-04
1.940000000000000000e+04 0.000000000000000000e+00 0.000000000000000000e+00 0.000000000000000000e+00 0.000000000000000000e+00 0.000000000000000000e+00 1.792256871626617953e-01 0.000000000000000000e+00 5.739391770977989582e-01 0.000000000000000000e+00 7.746189523086283168e-02 0.000000000000000000e+00 1.631552667971426507e-01 0.000000000000000000e+00 1.461148699508277695e-04 0.000000000000000000e+00 1.302866077168297052e-04 0.000000000000000000e+00 0.000000000000000000e+00 0.000000000000000000e+00 2.037087481863466588e-03 0.000000000000000000e+00 0.000000000000000000e+00 0.000000000000000000e+00 0.000000000000000000e+00 0.000000000000000000e+00 2.663994514400374984e-03 3.882998610204070351e-04 8.521903765816041818e-04
1.970000000000000000e+04 0.000000000000000000e+00 0.000000000000000000e+00 0.000000000000000000e+00 0.000000000000000000e+00 0.000000000000000000e+00 1.792256871626618786e-01 0.000000000000000000e+00 5.739391770977991802e-01 0.000000000000000000e+00 7.746189523086287332e-02 0.000000000000000000e+00 1.631552667971427617e-01 0.000000000000000000e+00 1.461148699508278779e-04 0.000000000000000000e+00 1.302866077168297594e-04 0.000000000000000000e+00 0.000000000000000000e+00 0.000000000000000000e+00 2.037087481863467456e-03 0.000000000000000000e+00 0.000000000000000000e+00 0.000000000000000000e+00 0.000000000000000000e+00 0.000000000000000000e+00 2.663994514400376285e-03 3.882998610204071977e-04 8.521903765816045070e-04
