3.500000000000000000e+03 0.000000000000000000e+00 0.000000000000000000e+00 0.000000000000000000e+00 0.000000000000000000e+00 0.000000000000000000e+00 9.385474529605331676e-06 0.000000000000000000e+00 1.689259722623561583e-02 0.000000000000000000e+00 2.377711653997276199e-06 0.000000000000000000e+00 2.231988146517012135e-04 0.000000000000000000e+00 4.401612504101303641e-02 0.000000000000000000e+00 1.666955475339514353e-04 0.000000000000000000e+00 0.000000000000000000e+00 0.000000000000000000e+00 2.387767701588636507e-02 0.000000000000000000e+00 0.000000000000000000e+00 0.000000000000000000e+00 0.000000000000000000e+00 0.000000000000000000e+00 2.809690022794930075e-01 2.210520213065058359e-01 4.127909195824968069e-01
3.800000000000000000e+03 0.000000000000000000e+00 0.000000000000000000e+00 0.000000000000000000e+00 0.000000000000000000e+00 0.000000000000000000e+00 9.385474529605329982e-06 0.000000000000000000e+00 1.689259722623561583e-02 0.000000000000000000e+00 2.377711653997276622e-06 0.000000000000000000e+00 2.231988146517011864e-04 0.000000000000000000e+00 4.401612504101304335e-02 0.000000000000000000e+00 1.666955475339514624e-04 0.000000000000000000e+00 0.000000000000000000e+00 0.000000000000000000e+00 2.387767701588636854e-02 0.000000000000000000e+00 0.000000000000000000e+00 0.000000000000000000e+00 0.000000000000000000e+00 0.000000000000000000e+00 2.809690022794930631e-01 2.210520213065058637e-01 4.127909195824968624e-01
4.100000000000000000e+03 0.000000000000000000e+00 0.000000000000000000e+00 0.000000000000000000e+00 0.000000000000000000e+00 0.000000000000000000e+00 9.385474529605331676e-06 0.000000000000000000e+00 1.689259722623561583e-02 0.000000000000000000e+00 2.377711653997276199e-06 0.000000000000000000e+00 2.231988146517011593e-04 0.000000000000000000e+00 4.401612504101304335e-02 0.000000000000000000e+00 1.666955475339514624e-04 0.000000000000000000e+00 0.000000000000000000e+00 0.000000000000000000e+00 2.387767701588637201e-02 0.000000000000000000e+00 0.000000000000000000e+00 0.000000000000000000e+00 0.000000000000000000e+00 0.000000000000000000e+00 2.809690022794930631e-01 2.210520213065058637e-01 4.127909195824968624e-01
4.400000000000000000e+03 0.000000000000000000e+00 0.000000000000000000e+00 0.000000000000000000e+00 0.000000000000000000e+00 0.000000000000000000e+00 9.385474529605328288e-06 0.000000000000000000e+00 1.689259722623561236e-02 0.000000000000000000e+00 2.377711653997276199e-06 0.000000000000000000e+00 2.231988146517011593e-04 0.000000000000000000e+00 4.401612504101303641e-02 0.000000000000000000e+00 1.666955475339514353e-04 0.000000000000000000e+00 0.000000000000000000e+00 0.000000000000000000e+00 2.387767701588636507e-02 0.000000000000000000e+00 0.000000000000000000e+00 0.000000000000000000e+00 0.000000000000000000e+00 0.000000000000000000e+00 2.809690022794929520e-01 2.210520213065057804e-01 4.127909195824968624e-01
4.700000000000000000e+03 0.000000000000000000e+00 0.000000000000000000e+00 0.000000000000000000e+00 0.000000000000000000e+00 0.000000000000000000e+00 9.385474529605329982e-06 0.000000000000000000e+00 1.689259722623561236e-02 0.000000000000000000e+00 2.377711653997275775e-06 0.000000000000000000e+00 2.231988146517011593e-04 0.000000000000000000e+00 4.401612504101303641e-02 0.000000000000000000e+00 1.666955475339514353e-04 0.000000000000000000e+00 0.000000000000000000e+00 0.000000000000000000e+00 2.387767701588636507e-02 0.000000000000000000e+00 0.000000000000000000e+00 0.000000000000000000e+00 0.000000000000000000e+00 0.000000000000000000e+00 2.809690022794930075e-01 2.210520213065058359e-01 4.127909195824968069e-01
5.000000000000000000e+03 0.000000000000000000e+00 0.000000000000000000e+00 0.000000000000000000e+00 0.000000000000000000e+00 0.000000000000000000e+00 9.385474529605331676e-06 0.000000000000000000e+00 1.689259722623561583e-02 0.000000000000000000e+00 2.377711653997276199e-06 0.000000000000000000e+00 2.231988146517011864e-04 0.000000000000000000e+00 4.401612504101303641e-02 0.000000000000000000e+00 1.666955475339514624e-04 0.000000000000000000e+00 0.000000000000000000e+00 0.000000000000000000e+00 2.387767701588636854e-02 0.000000000000000000e+00 0.000000000000000000e+00 0.000000000000000000e+00 0.000000000000000000e+00 0.000000000000000000e+00 2.809690022794930631e-01 2.210520213065058359e-01 4.127909195824968624e-01
5.300000000000000000e+03 0.000000000000000000e+00 0.000000000000000000e+00 0.000000000000000000e+00 0.000000000000000000e+00 0.000000000000000000e+00 9.385474529605329982e-06 0.000000000000000000e+00 1.689259722623561236e-02 0.000000000000000000e+00 2.377711653997276199e-06 0.000000000000000000e+00 2.231988146517011322e-04 0.000000000000000000e+00 4.401612504101303641e-02 0.000000000000000000e+00 1.666955475339514624e-04 0.000000000000000000e+00 0.000000000000000000e+00 0.000000000000000000e+00 2.387767701588636507e-02 0.000000000000000000e+00 0.000000000000000000e+00 0.000000000000000000e+00 0.000000000000000000e+00 0.000000000000000000e+00 2.809690022794930631e-01 2.210520213065058359e-01 4.127909195824968069e-01
5.600000000000000000e+03 0.000000000000000000e+00 0.000000000000000000e+00 0.000000000000000000e+00 0.000000000000000000e+00 0.000000000000000000e+00 9.385474529605331676e-06 0.000000000000000000e+00 1.689259722623561583e-02 0.000000000000000000e+00 2.377711653997276199e-06 0.000000000000000000e+00 2.231988146517011864e-04 0.000000000000000000e+00 4.401612504101304335e-02 0.000000000000000000e+00 1.666955475339514624e-04 0.000000000000000000e+00 0.000000000000000000e+00 0.000000000000000000e+00 2.387767701588636854e-02 0.000000000000000000e+00 0.000000000000000000e+00 0.000000000000000000e+00 0.000000000000000000e+00 0.000000000000000000e+00 2.809690022794930075e-01 2.210520213065058637e-01 4.127909195824968624e-01
5.900000000000000000e+03 0.000000000000000000e+00 0.000000000000000000e+00 0.000000000000000000e+00 0.000000000000000000e+00 0.000000000000000000e+00 9.385474529605331676e-06 0.000000000000000000e+00 1.689259722623561583e-02 0.000000000000000000e+00 2.377711653997276199e-06 0.000000000000000000e+00 2.231988146517012135e-04 0.000000000000000000e+00 4.401612504101304335e-02 0.000000000000000000e+00 1.666955475339514895e-04 0.000000000000000000e+00 0.000000000000000000e+00 0.000000000000000000e+00 2.387767701588637201e-02 0.000000000000000000e+00 0.000000000000000000e+00 0.000000000000000000e+00 0.000000000000000000e+00 0.000000000000000000e+00 2.809690022794930631e-01 2.210520213065058637e-01 4.127909195824968624e-01
6.200000000000000000e+03 0.000000000000000000e+00 0.000000000000000000e+00 0.000000000000000000e+00 0.000000000000000000e+00 0.000000000000000000e+00 9.385474529605331676e-06 0.000000000000000000e+00 1.689259722623561583e-02 0.000000000000000000e+00 2.377711653997276199e-06 0.000000000000000000e+00 2.231988146517011322e-04 0.000000000000000000e+00 4.401612504101303641e-02 0.000000000000000000e+00 1.666955475339514353e-04 0.000000000000000000e+00 0.000000000000000000e+00 0.000000000000000000e+00 2.387767701588636854e-02 0.000000000000000000e+00 0.000000000000000000e+00 0.000000000000000000e+00 0.000000000000000000e+00 0.000000000000000000e+00 2.809690022794930075e-01 2.210520213065058359e-01 4.127909195824968624e-01
6.500000000000000000e+03 0.000000000000000000e+00 0.000000000000000000e+00 0.000000000000000000e+00 0.000000000000000000e+00 0.000000000000000000e+00 9.385474529605329982e-06 0.000000000000000000e+00 1.689259722623561583e-02 0.000000000000000000e+00 2.377711653997275775e-06 0.000000000000000000e+00 2.231988146517011322e-04 0.000000000000000000e+00 4.401612504101303641e-02 0.000000000000000000e+00 1.666955475339514353e-04 0.000000000000000000e+00 0.000000000000000000e+00 0.000000000000000000e+00 2.387767701588636507e-02 0.000000000000000000e+00 0.000000000000000000e+00 0.000000000000000000e+00 0.000000000000000000e+00 0.000000000000000000e+00 2.809690022794930075e-01 2.210520213065058082e-01 4.127909195824968624e-01
6.800000000000000000e+03 0.000000000000000000e+00 0.000000000000000000e+00 0.000000000000000000e+00 0.000000000000000000e+00 0.000000000000000000e+00 9.385474529605329982e-06 0.000000000000000000e+00 1.689259722623561583e-02 0.000000000000000000e+00 2.377711653997275775e-06 0.000000000000000000e+00 2.231988146517011593e-04 0.000000000000000000e+00 4.401612504101303641e-02 0.000000000000000000e+00 1.666955475339514624e-04 0.000000000000000000e+00 0.000000000000000000e+00 0.000000000000000000e+00 2.387767701588636854e-02 0.000000000000000000e+00 0.000000000000000000e+00 0.000000000000000000e+00 0.000000000000000000e+00 0.000000000000000000e+00 2.809690022794930075e-01 2.210520213065058359e-01 4.127909195824968069e-01
7.100000000000000000e+03 0.000000000000000000e+00 0.000000000000000000e+00 0.000000000000000000e+00 0.000000000000000000e+00 0.000000000000000000e+00 1.320395950643217695e-05 0.000000000000000000e+00 2.652726429692002508e-02 0.000000000000000000e+00 3.776670403226472981e-06 0.000000000000000000e+00 8.091361842991594971e-03 0.000000000000000000e+00 1.588133815673237192e-01 0.000000000000000000e+00 2.160738849118985349e-03 0.000000000000000000e+00 0.000000000000000000e+00 0.000000000000000000e+00 7.949058129280364704e-02 0.000000000000000000e+00 0.000000000000000000e+00 0.000000000000000000e+00 0.000000000000000000e+00 0.000000000000000000e+00 4.007400143377021218e-01 2.486789823571221580e-01 7.548069482610805792e-02
7.400000000000000000e+03 0.000000000000000000e+00 0.000000000000000000e+00 0.000000000000000000e+00 0.000000000000000000e+00 0.000000000000000000e+00 1.320395950643218033e-05 0.000000000000000000e+00 2.652726429692003202e-02 0.000000000000000000e+00 3.776670403226473828e-06 0.000000000000000000e+00 8.091361842991594971e-03 0.000000000000000000e+00 1.588133815673237748e-01 0.000000000000000000e+00 2.160738849118985783e-03 0.000000000000000000e+00 0.000000000000000000e+00 0.000000000000000000e+00 7.949058129280364704e-02 0.000000000000000000e+00 0.000000000000000000e+00 0.000000000000000000e+00 0.000000000000000000e+00 0.000000000000000000e+00 4.007400143377021218e-01 2.486789823571221580e-01 7.548069482610808567e-02
7.700000000000000000e+03 0.000000000000000000e+00 0.000000000000000000e+00 0.000000000000000000e+00 0.000000000000000000e+00 0.000000000000000000e+00 1.320395950643217695e-05 0.000000000000000000e+00 2.652726429692002855e-02 0.000000000000000000e+00 3.776670403226472981e-06 0.000000000000000000e+00 8.091361842991594971e-03 0.000000000000000000e+00 1.588133815673237192e-01 0.000000000000000000e+00 2.160738849118985349e-03 0.000000000000000000e+00 0.000000000000000000e+00 0.000000000000000000e+00 7.949058129280363316e-02 0.000000000000000000e+00 0.000000000000000000e+00 0.000000000000000000e+00 0.000000000000000000e+00 0.000000000000000000e+00 4.007400143377020107e-01 2.486789823571221303e-01 7.548069482610807179e-02
8.000000000000000000e+03 0.000000000000000000e+00 0.000000000000000000e+00 0.000000000000000000e+00 0.000000000000000000e+00 0.000000000000000000e+00 1.320395950643218033e-05 0.000000000000000000e+00 2.652726429692002855e-02 0.000000000000000000e+00 3.776670403226473828e-06 0.000000000000000000e+00 8.091361842991594971e-03 0.000000000000000000e+00 1.588133815673237748e-01 0.000000000000000000e+00 2.160738849118985349e-03 0.000000000000000000e+00 0.000000000000000000e+00 0.000000000000000000e+00 7.949058129280364704e-02 0.000000000000000000e+00 0.000000000000000000e+00 0.000000000000000000e+00 0.000000000000000000e+00 0.000000000000000000e+00 4.007400143377021218e-01 2.486789823571221025e-01 7.548069482610807179e-02
8.300000000000000000e+03 0.000000000000000000e+00 0.000000000000000000e+00 0.000000000000000000e+00 0.000000000000000000e+00 0.000000000000000000e+00 1.320395950643218203e-05 0.000000000000000000e+00 2.652726429692002855e-02 0.000000000000000000e+00 3.776670403226473828e-06 0.000000000000000000e+00 8.091361842991596706e-03 0.000000000000000000e+00 1.588133815673237748e-01 0.000000000000000000e+00 2.160738849118985783e-03 0.000000000000000000e+00 0.000000000000000000e+00 0.000000000000000000e+00 7.949058129280364704e-02 0.000000000000000000e+00 0.000000000000000000e+00 0.000000000000000000e+00 0.000000000000000000e+00 0.000000000000000000e+00 4.007400143377021218e-01 2.486789823571221303e-01 7.548069482610807179e-02
8.600000000000000000e+03 0.000000000000000000e+00 0.000000000000000000e+00 0.000000000000000000e+00 0.000000000000000000e+00 0.000000000000000000e+00 1.320395950643218203e-05 0.000000000000000000e+00 2.652726429692003549e-02 0.000000000000000000e+00 3.776670403226474251e-06 0.000000000000000000e+00 8.091361842991598441e-03 0.000000000000000000e+00 1.588133815673237748e-01 0.000000000000000000e+00 2.160738849118985783e-03 0.000000000000000000e+00 0.000000000000000000e+00 0.000000000000000000e+00 7.949058129280364704e-02 0.000000000000000000e+00 0.000000000000000000e+00 0.000000000000000000e+00 0.000000000000000000e+00 0.000000000000000000e+00 4.007400143377021773e-01 2.486789823571221025e-01 7.548069482610808567e-02
8.900000000000000000e+03 0.000000000000000000e+00 0.000000000000000000e+00 0.000000000000000000e+00 0.000000000000000000e+00 0.000000000000000000e+00 1.320395950643217525e-05 0.000000000000000000e+00 2.652726429692002508e-02 0.000000000000000000e+00 3.776670403226472557e-06 0.000000000000000000e+00 8.091361842991593237e-03 0.000000000000000000e+00 1.588133815673237192e-01 0.000000000000000000e+00 2.160738849118985349e-03 0.000000000000000000e+00 0.000000000000000000e+00 0.000000000000000000e+00 7.949058129280363316e-02 0.000000000000000000e+00 0.000000000000000000e+00 0.000000000000000000e+00 0.000000000000000000e+00 0.000000000000000000e+00 4.007400143377020107e-01 2.486789823571220470e-01 7.548069482610805792e-02
9.200000000000000000e+03 0.000000000000000000e+00 0.000000000000000000e+00 0.000000000000000000e+00 0.000000000000000000e+00 0.000000000000000000e+00 1.320395950643218033e-05 0.000000000000000000e+00 2.652726429692003202e-02 0.000000000000000000e+00 3.776670403226472981e-06 0.000000000000000000e+00 8.091361842991594971e-03 0.000000000000000000e+00 1.588133815673237470e-01 0.000000000000000000e+00 2.160738849118985349e-03 0.000000000000000000e+00 0.000000000000000000e+00 0.000000000000000000e+00 7.949058129280364704e-02 0.000000000000000000e+00 0.000000000000000000e+00 0.000000000000000000e+00 0.000000000000000000e+00 0.000000000000000000e+00 4.007400143377020663e-01 2.486789823571221303e-01 7.548069482610808567e-02
9.500000000000000000e+03 0.000000000000000000e+00 0.000000000000000000e+00 0.000000000000000000e+00 0.000000000000000000e+00 0.000000000000000000e+00 1.320395950643217695e-05 0.000000000000000000e+00 2.652726429692002508e-02 0.000000000000000000e+00 3.776670403226472981e-06 0.000000000000000000e+00 8.091361842991594971e-03 0.000000000000000000e+00 1.588133815673237470e-01 0.000000000000000000e+00 2.160738849118985349e-03 0.000000000000000000e+00 0.000000000000000000e+00 0.000000000000000000e+00 7.949058129280366092e-02 0.000000000000000000e+00 0.000000000000000000e+00 0.000000000000000000e+00 0.000000000000000000e+00 0.000000000000000000e+00 4.007400143377020663e-01 2.486789823571221025e-01 7.548069482610808567e-02
9.800000000000000000e+03 0.000000000000000000e+00 0.000000000000000000e+00 0.000000000000000000e+00 0.000000000000000000e+00 0.000000000000000000e+00 1.320395950643218203e-05 0.000000000000000000e+00 2.652726429692002855e-02 0.000000000000000000e+00 3.776670403226473828e-06 0.000000000000000000e+00 8.091361842991594971e-03 0.000000000000000000e+00 1.588133815673237748e-01 0.000000000000000000e+00 2.160738849118985783e-03 0.000000000000000000e+00 0.000000000000000000e+00 0.000000000000000000e+00 7.949058129280366092e-02 0.000000000000000000e+00 0.000000000000000000e+00 0.000000000000000000e+00 0.000000000000000000e+00 0.000000000000000000e+00 4.007400143377020663e-01 2.486789823571221303e-01 7.548069482610808567e-02
1.010000000000000000e+04 0.000000000000000000e+00 0.000000000000000000e+00 0.000000000000000000e+00 0.000000000000000000e+00 0.000000000000000000e+00 4.522619659481129923e-06 0.000000000000000000e+00 6.864605663930467214e-03 0.000000000000000000e+00 1.006261456557596230e-06 0.000000000000000000e+00 2.139225408661064587e-01 0.000000000000000000e+00 5.164292466381111835e-01 0.000000000000000000e+00 1.210726796812916506e-01 0.000000000000000000e+00 0.000000000000000000e+00 0.000000000000000000e+00 9.655094583177668832e-02 0.000000000000000000e+00 0.000000000000000000e+00 0.000000000000000000e+00 0.000000000000000000e+00 0.000000000000000000e+00 2.819236450927791252e-02 1.015443176794461264e-02 6.807656160444823697e-03
1.040000000000000000e+04 0.000000000000000000e+00 0.000000000000000000e+00 0.000000000000000000e+00 0.000000000000000000e+00 0.000000000000000000e+00 4.522619659481130770e-06 0.000000000000000000e+00 6.864605663930468081e-03 0.000000000000000000e+00 1.006261456557596230e-06 0.000000000000000000e+00 2.139225408661065142e-01 0.000000000000000000e+00 5.164292466381114055e-01 0.000000000000000000e+00 1.210726796812916922e-01 0.000000000000000000e+00 0.000000000000000000e+00 0.000000000000000000e+00 9.655094583177672996e-02 0.000000000000000000e+00 0.000000000000000000e+00 0.000000000000000000e+00 0.000000000000000000e+00 0.000000000000000000e+00 2.819236450927791945e-02 1.015443176794461437e-02 6.807656160444825431e-03
1.070000000000000000e+04 0.000000000000000000e+00 0.000000000000000000e+00 0.000000000000000000e+00 0.000000000000000000e+00 0.000000000000000000e+00 4.522619659481129923e-06 0.000000000000000000e+00 6.864605663930467214e-03 0.000000000000000000e+00 1.006261456557596230e-06 0.000000000000000000e+00 2.139225408661065142e-01 0.000000000000000000e+00 5.164292466381112945e-01 0.000000000000000000e+00 1.210726796812916645e-01 0.000000000000000000e+00 0.000000000000000000e+00 0.000000000000000000e+00 9.655094583177670220e-02 0.000000000000000000e+00 0.000000000000000000e+00 0.000000000000000000e+00 0.000000000000000000e+00 0.000000000000000000e+00 2.819236450927791252e-02 1.015443176794461264e-02 6.807656160444823697e-03
1.100000000000000000e+04 0.000000000000000000e+00 0.000000000000000000e+00 0.000000000000000000e+00 0.000000000000000000e+00 0.000000000000000000e+00 4.522619659481129923e-06 0.000000000000000000e+00 6.864605663930466346e-03 0.000000000000000000e+00 1.006261456557596019e-06 0.000000000000000000e+00 2.139225408661064864e-01 0.000000000000000000e+00 5.164292466381111835e-01 0.000000000000000000e+00 1.210726796812916506e-01 0.000000000000000000e+00 0.000000000000000000e+00 0.000000000000000000e+00 9.655094583177670220e-02 0.000000000000000000e+00 0.000000000000000000e+00 0.000000000000000000e+00 0.000000000000000000e+00 0.000000000000000000e+00 2.819236450927791252e-02 1.015443176794461264e-02 6.807656160444822829e-03
1.130000000000000000e+04 0.000000000000000000e+00 0.000000000000000000e+00 0.000000000000000000e+00 0.000000000000000000e+00 0.000000000000000000e+00 4.522619659481130770e-06 0.000000000000000000e+00 6.864605663930468081e-03 0.000000000000000000e+00 1.006261456557596230e-06 0.000000000000000000e+00 2.139225408661065142e-01 0.000000000000000000e+00 5.164292466381112945e-01 0.000000000000000000e+00 1.210726796812916783e-01 0.000000000000000000e+00 0.000000000000000000e+00 0.000000000000000000e+00 9.655094583177671608e-02 0.000000000000000000e+00 0.000000000000000000e+00 0.000000000000000000e+00 0.000000000000000000e+00 0.000000000000000000e+00 2.819236450927791598e-02 1.015443176794461437e-02 6.807656160444823697e-03
1.160000000000000000e+04 0.000000000000000000e+00 0.000000000000000000e+00 0.000000000000000000e+00 0.000000000000000000e+00 0.000000000000000000e+00 4.522619659481129076e-06 0.000000000000000000e+00 6.864605663930466346e-03 0.000000000000000000e+00 1.006261456557595807e-06 0.000000000000000000e+00 2.139225408661064309e-01 0.000000000000000000e+00 5.164292466381112945e-01 0.000000000000000000e+00 1.210726796812916645e-01 0.000000000000000000e+00 0.000000000000000000e+00 0.000000000000000000e+00 9.655094583177670220e-02 0.000000000000000000e+00 0.000000000000000000e+00 0.000000000000000000e+00 0.000000000000000000e+00 0.000000000000000000e+00 2.819236450927790905e-02 1.015443176794461264e-02 6.807656160444823697e-03
1.190000000000000000e+04 0.000000000000000000e+00 0.000000000000000000e+00 0.000000000000000000e+00 0.000000000000000000e+00 0.000000000000000000e+00 4.522619659481129923e-06 0.000000000000000000e+00 6.864605663930465479e-03 0.000000000000000000e+00 1.006261456557595807e-06 0.000000000000000000e+00 2.139225408661064587e-01 0.000000000000000000e+00 5.164292466381110724e-01 0.000000000000000000e+00 1.210726796812916506e-01 0.000000000000000000e+00 0.000000000000000000e+00 0.000000000000000000e+00 9.655094583177666057e-02 0.000000000000000000e+00 0.000000000000000000e+00 0.000000000000000000e+00 0.000000000000000000e+00 0.000000000000000000e+00 2.819236450927790905e-02 1.015443176794460917e-02 6.807656160444821962e-03
1.220000000000000000e+04 0.000000000000000000e+00 0.000000000000000000e+00 0.000000000000000000e+00 0.000000000000000000e+00 0.000000000000000000e+00 4.522619659481129923e-06 0.000000000000000000e+00 6.864605663930466346e-03 0.000000000000000000e+00 1.006261456557596019e-06 0.000000000000000000e+00 2.139225408661064864e-01 0.000000000000000000e+00 5.164292466381111835e-01 0.000000000000000000e+00 1.210726796812916783e-01 0.000000000000000000e+00 0.000000000000000000e+00 0.000000000000000000e+00 9.655094583177668832e-02 0.000000000000000000e+00 0.000000000000000000e+00 0.000000000000000000e+00 0.000000000000000000e+00 0.000000000000000000e+00 2.819236450927791598e-02 1.015443176794461090e-02 6.807656160444823697e-03
1.250000000000000000e+04 0.000000000000000000e+00 0.000000000000000000e+00 0.000000000000000000e+00 0.000000000000000000e+00 0.000000000000000000e+00 4.522619659481129923e-06 0.000000000000000000e+00 6.864605663930466346e-03 0.000000000000000000e+00 1.006261456557596019e-06 0.000000000000000000e+00 2.139225408661064864e-01 0.000000000000000000e+00 5.164292466381112945e-01 0.000000000000000000e+00 1.210726796812916506e-01 0.000000000000000000e+00 0.000000000000000000e+00 0.000000000000000000e+00 9.655094583177668832e-02 0.000000000000000000e+00 0.000000000000000000e+00 0.000000000000000000e+00 0.000000000000000000e+00 0.000000000000000000e+00 2.819236450927791598e-02 1.015443176794461264e-02 6.807656160444822829e-03
1.280000000000000000e+04 0.000000000000000000e+00 0.000000000000000000e+00 0.000000000000000000e+00 0.000000000000000000e+00 0.000000000000000000e+00 4.522619659481130770e-06 0.000000000000000000e+00 6.864605663930467214e-03 0.000000000000000000e+00 1.006261456557596019e-06 0.000000000000000000e+00 2.139225408661065142e-01 0.000000000000000000e+00 5.164292466381112945e-01 0.000000000000000000e+00 1.210726796812916783e-01 0.000000000000000000e+00 0.000000000000000000e+00 0.000000000000000000e+00 9.655094583177670220e-02 0.000000000000000000e+00 0.000000000000000000e+00 0.000000000000000000e+00 0.000000000000000000e+00 0.000000000000000000e+00 2.819236450927791252e-02 1.015443176794461264e-02 6.807656160444823697e-03
1.310000000000000000e+04 0.000000000000000000e+00 0.000000000000000000e+00 0.000000000000000000e+00 0.000000000000000000e+00 0.000000000000000000e+00 6.116941730685798752e-06 0.000000000000000000e+00 9.547719551887093870e-01 0.000000000000000000e+00 5.136613859480921867e-07 0.000000000000000000e+00 1.071774754947048096e-02 0.000000000000000000e+00 3.013542860610074481e-02 0.000000000000000000e+00 1.663376672736048705e-05 0.000000000000000000e+00 0.000000000000000000e+00 0.000000000000000000e+00 1.027976840077273477e-03 0.000000000000000000e+00 0.000000000000000000e+00 0.000000000000000000e+00 0.000000000000000000e+00 0.000000000000000000e+00 9.658652165516024924e-04 1.612862776289395892e-03 7.448994529572518231e-04
1.340000000000000000e+04 0.000000000000000000e+00 0.000000000000000000e+00 0.000000000000000000e+00 0.000000000000000000e+00 0.000000000000000000e+00 6.116941730685797058e-06 0.000000000000000000e+00 9.547719551887091649e-01 0.000000000000000000e+00 5.136613859480921867e-07 0.000000000000000000e+00 1.071774754947047749e-02 0.000000000000000000e+00 3.013542860610073787e-02 0.000000000000000000e+00 1.663376672736048705e-05 0.000000000000000000e+00 0.000000000000000000e+00 0.000000000000000000e+00 1.027976840077273043e-03 0.000000000000000000e+00 0.000000000000000000e+00 0.000000000000000000e+00 0.000000000000000000e+00 0.000000000000000000e+00 9.658652165516022755e-04 1.612862776289395459e-03 7.448994529572516062e-04
1.370000000000000000e+04 0.000000000000000000e+00 0.000000000000000000e+00 0.000000000000000000e+00 0.000000000000000000e+00 0.000000000000000000e+00 6.116941730685798752e-06 0.000000000000000000e+00 9.547719551887092759e-01 0.000000000000000000e+00 5.136613859480921867e-07 0.000000000000000000e+00 1.071774754947047749e-02 0.000000000000000000e+00 3.013542860610074134e-02 0.000000000000000000e+00 1.663376672736048705e-05 0.000000000000000000e+00 0.000000000000000000e+00 0.000000000000000000e+00 1.027976840077273260e-03 0.000000000000000000e+00 0.000000000000000000e+00 0.000000000000000000e+00 0.000000000000000000e+00 0.000000000000000000e+00 9.658652165516024924e-04 1.612862776289395892e-03 7.448994529572517146e-04
1.400000000000000000e+04 0.000000000000000000e+00 0.000000000000000000e+00 0.000000000000000000e+00 0.000000000000000000e+00 0.000000000000000000e+00 6.116941730685796211e-06 0.000000000000000000e+00 9.547719551887090539e-01 0.000000000000000000e+00 5.136613859480919749e-07 0.000000000000000000e+00 1.071774754947047575e-02 0.000000000000000000e+00 3.013542860610073093e-02 0.000000000000000000e+00 1.663376672736048027e-05 0.000000000000000000e+00 0.000000000000000000e+00 0.000000000000000000e+00 1.027976840077272826e-03 0.000000000000000000e+00 0.000000000000000000e+00 0.000000000000000000e+00 0.000000000000000000e+00 0.000000000000000000e+00 9.658652165516023839e-04 1.612862776289395459e-03 7.448994529572514978e-04
1.430000000000000000e+04 0.000000000000000000e+00 0.000000000000000000e+00 0.000000000000000000e+00 0.000000000000000000e+00 0.000000000000000000e+00 6.116941730685797905e-06 0.000000000000000000e+00 9.547719551887092759e-01 0.000000000000000000e+00 5.136613859480920808e-07 0.000000000000000000e+00 1.071774754947047922e-02 0.000000000000000000e+00 3.013542860610073787e-02 0.000000000000000000e+00 1.663376672736048705e-05 0.000000000000000000e+00 0.000000000000000000e+00 0.000000000000000000e+00 1.027976840077273043e-03 0.000000000000000000e+00 0.000000000000000000e+00 0.000000000000000000e+00 0.000000000000000000e+00 0.000000000000000000e+00 9.658652165516024924e-04 1.612862776289395676e-03 7.448994529572517146e-04
1.460000000000000000e+04 0.000000000000000000e+00 0.000000000000000000e+00 0.000000000000000000e+00 0.000000000000000000e+00 0.000000000000000000e+00 6.116941730685797905e-06 0.000000000000000000e+00 9.547719551887093870e-01 0.000000000000000000e+00 5.136613859480921867e-07 0.000000000000000000e+00 1.071774754947047922e-02 0.000000000000000000e+00 3.013542860610074134e-02 0.000000000000000000e+00 1.663376672736048705e-05 0.000000000000000000e+00 0.000000000000000000e+00 0.000000000000000000e+00 1.027976840077273260e-03 0.000000000000000000e+00 0.000000000000000000e+00 0.000000000000000000e+00 0.000000000000000000e+00 0.000000000000000000e+00 9.658652165516023839e-04 1.612862776289395892e-03 7.448994529572517146e-04
1.490000000000000000e+04 0.000000000000000000e+00 0.000000000000000000e+00 0.000000000000000000e+00 0.000000000000000000e+00 0.000000000000000000e+00 6.116941730685799599e-06 0.000000000000000000e+00 9.547719551887093870e-01 0.000000000000000000e+00 5.136613859480922926e-07 0.000000000000000000e+00 1.071774754947048096e-02 0.000000000000000000e+00 3.013542860610074134e-02 0.000000000000000000e+00 1.663376672736048705e-05 0.000000000000000000e+00 0.000000000000000000e+00 0.000000000000000000e+00 1.027976840077273477e-03 0.000000000000000000e+00 0.000000000000000000e+00 0.000000000000000000e+00 0.000000000000000000e+00 0.000000000000000000e+00 9.658652165516027092e-04 1.612862776289396109e-03 7.448994529572517146e-04
1.520000000000000000e+04 0.000000000000000000e+00 0.000000000000000000e+00 0.000000000000000000e+00 0.000000000000000000e+00 0.000000000000000000e+00 6.116941730685798752e-06 0.000000000000000000e+00 9.547719551887092759e-01 0.000000000000000000e+00 5.136613859480921867e-07 0.000000000000000000e+00 1.071774754947048096e-02 0.000000000000000000e+00 3.013542860610074481e-02 0.000000000000000000e+00 1.663376672736048705e-05 0.000000000000000000e+00 0.000000000000000000e+00 0.000000000000000000e+00 1.027976840077273260e-03 0.000000000000000000e+00 0.000000000000000000e+00 0.000000000000000000e+00 0.000000000000000000e+00 0.000000000000000000e+00 9.658652165516023839e-04 1.612862776289395676e-03 7.448994529572519315e-04
1.550000000000000000e+04 0.000000000000000000e+00 0.000000000000000000e+00 0.000000000000000000e+00 0.000000000000000000e+00 0.000000000000000000e+00 6.116941730685797058e-06 0.000000000000000000e+00 9.547719551887092759e-01 0.000000000000000000e+00 5.136613859480920808e-07 0.000000000000000000e+00 1.071774754947047749e-02 0.000000000000000000e+00 3.013542860610073787e-02 0.000000000000000000e+00 1.663376672736048366e-05 0.000000000000000000e+00 0.000000000000000000e+00 0.000000000000000000e+00 1.027976840077273260e-03 0.000000000000000000e+00 0.000000000000000000e+00 0.000000000000000000e+00 0.000000000000000000e+00 0.000000000000000000e+00 9.658652165516023839e-04 1.612862776289395676e-03 7.448994529572516062e-04
1.580000000000000000e+04 0.000000000000000000e+00 0.000000000000000000e+00 0.000000000000000000e+00 0.000000000000000000e+00 0.000000000000000000e+00 6.116941730685798752e-06 0.000000000000000000e+00 9.547719551887093870e-01 0.000000000000000000e+00 5.136613859480922926e-07 0.000000000000000000e+00 1.071774754947048096e-02 0.000000000000000000e+00 3.013542860610074481e-02 0.000000000000000000e+00 1.663376672736049044e-05 0.000000000000000000e+00 0.000000000000000000e+00 0.000000000000000000e+00 1.027976840077273260e-03 0.000000000000000000e+00 0.000000000000000000e+00 0.000000000000000000e+00 0.000000000000000000e+00 0.000000000000000000e+00 9.658652165516024924e-04 1.612862776289395892e-03 7.448994529572520399e-04
1.610000000000000000e+04 0.000000000000000000e+00 0.000000000000000000e+00 0.000000000000000000e+00 0.000000000000000000e+00 0.000000000000000000e+00 6.116941730685798752e-06 0.000000000000000000e+00 9.547719551887092759e-01 0.000000000000000000e+00 5.136613859480922926e-07 0.000000000000000000e+00 1.071774754947047922e-02 0.000000000000000000e+00 3.013542860610074481e-02 0.000000000000000000e+00 1.663376672736048705e-05 0.000000000000000000e+00 0.000000000000000000e+00 0.000000000000000000e+00 1.027976840077273260e-03 0.000000000000000000e+00 0.000000000000000000e+00 0.000000000000000000e+00 0.000000000000000000e+00 0.000000000000000000e+00 9.658652165516026008e-04 1.612862776289395676e-03 7.448994529572518231e-04
1.640000000000000000e+04 0.000000000000000000e+00 0.000000000000000000e+00 0.000000000000000000e+00 0.000000000000000000e+00 0.000000000000000000e+00 6.116941730685798752e-06 0.000000000000000000e+00 9.547719551887092759e-01 0.000000000000000000e+00 5.136613859480922926e-07 0.000000000000000000e+00 1.071774754947048096e-02 0.000000000000000000e+00 3.013542860610074481e-02 0.000000000000000000e+00 1.663376672736049044e-05 0.000000000000000000e+00 0.000000000000000000e+00 0.000000000000000000e+00 1.027976840077273260e-03 0.000000000000000000e+00 0.000000000000000000e+00 0.000000000000000000e+00 0.000000000000000000e+00 0.000000000000000000e+00 9.658652165516026008e-04 1.612862776289396109e-03 7.448994529572518231e-04
1.670000000000000000e+04 0.000000000000000000e+00 0.000000000000000000e+00 0.000000000000000000e+00 0.000000000000000000e+00 0.000000000000000000e+00 6.116941730685797905e-06 0.000000000000000000e+00 9.547719551887093870e-01 0.000000000000000000e+00 5.136613859480921867e-07 0.000000000000000000e+00 1.071774754947047922e-02 0.000000000000000000e+00 3.013542860610074134e-02 0.000000000000000000e+00 1.663376672736048705e-05 0.000000000000000000e+00 0.000000000000000000e+00 0.000000000000000000e+00 1.027976840077273260e-03 0.000000000000000000e+00 0.000000000000000000e+00 0.000000000000000000e+00 0.000000000000000000e+00 0.000000000000000000e+00 9.658652165516024924e-04 1.612862776289395892e-03 7.448994529572518231e-04
1.700000000000000000e+04 0.000000000000000000e+00 0.000000000000000000e+00 0.000000000000000000e+00 0.000000000000000000e+00 0.000000000000000000e+00 1.650759132254958628e-01 0.000000000000000000e+00 5.875097782730825946e-01 0.000000000000000000e+00 7.169384545024611033e-02 0.000000000000000000e+00 1.710215520295825242e-01 0.000000000000000000e+00 1.297232535396918365e-04 0.000000000000000000e+00 1.152535099795659850e-04 0.000000000000000000e+00 0.000000000000000000e+00 0.000000000000000000e+00 1.169978164345641166e-03 0.000000000000000000e+00 0.000000000000000000e+00 0.000000000000000000e+00 0.000000000000000000e+00 0.000000000000000000e+00 2.146690460434587736e-03 3.404069680195008409e-04 7.968586652739501931e-04
1.730000000000000000e+04 0.000000000000000000e+00 0.000000000000000000e+00 0.000000000000000000e+00 0.000000000000000000e+00 0.000000000000000000e+00 1.650759132254958350e-01 0.000000000000000000e+00 5.875097782730827056e-01 0.000000000000000000e+00 7.169384545024611033e-02 0.000000000000000000e+00 1.710215520295825242e-01 0.000000000000000000e+00 1.297232535396918094e-04 0.000000000000000000e+00 1.152535099795659715e-04 0.000000000000000000e+00 0.000000000000000000e+00 0.000000000000000000e+00 1.169978164345641166e-03 0.000000000000000000e+00 0.000000000000000000e+00 0.000000000000000000e+00 0.000000000000000000e+00 0.000000000000000000e+00 2.146690460434587736e-03 3.404069680195008409e-04 7.968586652739501931e-04
1.760000000000000000e+04 0.000000000000000000e+00 0.000000000000000000e+00 0.000000000000000000e+00 0.000000000000000000e+00 0.000000000000000000e+00 1.650759132254958628e-01 0.000000000000000000e+00 5.875097782730825946e-01 0.000000000000000000e+00 7.169384545024609645e-02 0.000000000000000000e+00 1.710215520295825242e-01 0.000000000000000000e+00 1.297232535396918094e-04 0.000000000000000000e+00 1.152535099795659986e-04 0.000000000000000000e+00 0.000000000000000000e+00 0.000000000000000000e+00 1.169978164345640949e-03 0.000000000000000000e+00 0.000000000000000000e+00 0.000000000000000000e+00 0.000000000000000000e+00 0.000000000000000000e+00 2.146690460434587736e-03 3.404069680195008409e-04 7.968586652739500847e-04
1.790000000000000000e+04 0.000000000000000000e+00 0.000000000000000000e+00 0.000000000000000000e+00 0.000000000000000000e+00 0.000000000000000000e+00 1.650759132254958350e-01 0.000000000000000000e+00 5.875097782730825946e-01 0.000000000000000000e+00 7.169384545024609645e-02 0.000000000000000000e+00 1.710215520295824965e-01 0.000000000000000000e+00 1.297232535396918365e-04 0.000000000000000000e+00 1.152535099795659850e-04 0.000000000000000000e+00 0.000000000000000000e+00 0.000000000000000000e+00 1.169978164345640949e-03 0.000000000000000000e+00 0.000000000000000000e+00 0.000000000000000000e+00 0.000000000000000000e+00 0.000000000000000000e+00 2.146690460434587302e-03 3.404069680195007867e-04 7.968586652739499763e-04
1.820000000000000000e+04 0.000000000000000000e+00 0.000000000000000000e+00 0.000000000000000000e+00 0.000000000000000000e+00 0.000000000000000000e+00 1.650759132254958350e-01 0.000000000000000000e+00 5.875097782730825946e-01 0.000000000000000000e+00 7.169384545024609645e-02 0.000000000000000000e+00 1.710215520295824965e-01 0.000000000000000000e+00 1.297232535396918365e-04 0.000000000000000000e+00 1.152535099795659715e-04 0.000000000000000000e+00 0.000000000000000000e+00 0.000000000000000000e+00 1.169978164345640949e-03 0.000000000000000000e+00 0.000000000000000000e+00 0.000000000000000000e+00 0.000000000000000000e+00 0.000000000000000000e+00 2.146690460434587736e-03 3.404069680195007867e-04 7.968586652739500847e-04
1.850000000000000000e+04 0.000000000000000000e+00 0.000000000000000000e+00 0.000000000000000000e+00 0.000000000000000000e+00 0.000000000000000000e+00 1.650759132254958350e-01 0.000000000000000000e+00 5.875097782730824836e-01 0.000000000000000000e+00 7.169384545024608257e-02 0.000000000000000000e+00 1.710215520295825242e-01 0.000000000000000000e+00 1.297232535396918094e-04 0.000000000000000000e+00 1.152535099795659715e-04 0.000000000000000000e+00 0.000000000000000000e+00 0.000000000000000000e+00 1.169978164345640732e-03 0.000000000000000000e+00 0.000000000000000000e+00 0.000000000000000000e+00 0.000000000000000000e+00 0.000000000000000000e+00 2.146690460434587302e-03 3.404069680195007867e-04 7.968586652739501931e-04
1.880000000000000000e+04 0.000000000000000000e+00 0.000000000000000000e+00 0.000000000000000000e+00 0.000000000000000000e+00 0.000000000000000000e+00 1.650759132254958350e-01 0.000000000000000000e+00 5.875097782730824836e-01 0.000000000000000000e+00 7.169384545024608257e-02 0.000000000000000000e+00 1.710215520295825242e-01 0.000000000000000000e+00 1.297232535396918094e-04 0.000000000000000000e+00 1.152535099795659715e-04 0.000000000000000000e+00 0.000000000000000000e+00 0.000000000000000000e+00 1.169978164345640949e-03 0.000000000000000000e+00 0.000000000000000000e+00 0.000000000000000000e+00 0.000000000000000000e+00 0.000000000000000000e+00 2.146690460434587736e-03 3.404069680195007867e-04 7.968586652739501931e-04
1.910000000000000000e+04 0.000000000000000000e+00 0.000000000000000000e+00 0.000000000000000000e+00 0.000000000000000000e+00 0.000000000000000000e+00 1.650759132254958628e-01 0.000000000000000000e+00 5.875097782730825946e-01 0.000000000000000000e+00 7.169384545024609645e-02 0.000000000000000000e+00 1.710215520295824965e-01 0.000000000000000000e+00 1.297232535396918365e-04 0.000000000000000000e+00 1.152535099795659850e-04 0.000000000000000000e+00 0.000000000000000000e+00 0.000000000000000000e+00 1.169978164345640732e-03 0.000000000000000000e+00 0.000000000000000000e+00 0.000000000000000000e+00 0.000000000000000000e+00 0.000000000000000000e+00 2.146690460434587736e-03 3.404069680195007867e-04 7.968586652739503015e-04
1.940000000000000000e+04 0.000000000000000000e+00 0.000000000000000000e+00 0.000000000000000000e+00 0.000000000000000000e+00 0.000000000000000000e+00 1.650759132254958350e-01 0.000000000000000000e+00 5.875097782730825946e-01 0.000000000000000000e+00 7.169384545024609645e-02 0.000000000000000000e+00 1.710215520295824965e-01 0.000000000000000000e+00 1.297232535396917823e-04 0.000000000000000000e+00 1.152535099795659715e-04 0.000000000000000000e+00 0.000000000000000000e+00 0.000000000000000000e+00 1.169978164345640732e-03 0.000000000000000000e+00 0.000000000000000000e+00 0.000000000000000000e+00 0.000000000000000000e+00 0.000000000000000000e+00 2.146690460434587736e-03 3.404069680195007867e-04 7.968586652739500847e-04
1.970000000000000000e+04 0.000000000000000000e+00 0.000000000000000000e+00 0.000000000000000000e+00 0.000000000000000000e+00 0.000000000000000000e+00 1.650759132254958628e-01 0.000000000000000000e+00 5.875097782730825946e-01 0.000000000000000000e+00 7.169384545024611033e-02 0.000000000000000000e+00 1.710215520295825520e-01 0.000000000000000000e+00 1.297232535396918636e-04 0.000000000000000000e+00 1.152535099795659986e-04 0.000000000000000000e+00 0.000000000000000000e+00 0.000000000000000000e+00 1.169978164345641166e-03 0.000000000000000000e+00 0.000000000000000000e+00 0.000000000000000000e+00 0.000000000000000000e+00 0.000000000000000000e+00 2.146690460434588169e-03 3.404069680195008951e-04 7.968586652739503015e-04
