3.500000000000000000e+03 0.000000000000000000e+00 0.000000000000000000e+00 0.000000000000000000e+00 0.000000000000000000e+00 0.000000000000000000e+00 1.176055888808741173e-05 0.000000000000000000e+00 2.036951832646008084e-02 0.000000000000000000e+00 2.903516410350476660e-06 0.000000000000000000e+00 2.709420046177780385e-04 0.000000000000000000e+00 7.480356473767178771e-02 0.000000000000000000e+00 2.074616866914921461e-04 0.000000000000000000e+00 0.000000000000000000e+00 0.000000000000000000e+00 2.801837710692469188e-02 0.000000000000000000e+00 0.000000000000000000e+00 0.000000000000000000e+00 0.000000000000000000e+00 0.000000000000000000e+00 3.275207891377749370e-01 2.195361685575811239e-01 3.292585143669796155e-01
3.800000000000000000e+03 0.000000000000000000e+00 0.000000000000000000e+00 0.000000000000000000e+00 0.000000000000000000e+00 0.000000000000000000e+00 1.176055888808740834e-05 0.000000000000000000e+00 2.036951832646008431e-02 0.000000000000000000e+00 2.903516410350476660e-06 0.000000000000000000e+00 2.709420046177780385e-04 0.000000000000000000e+00 7.480356473767180159e-02 0.000000000000000000e+00 2.074616866914921732e-04 0.000000000000000000e+00 0.000000000000000000e+00 0.000000000000000000e+00 2.801837710692469535e-02 0.000000000000000000e+00 0.000000000000000000e+00 0.000000000000000000e+00 0.000000000000000000e+00 0.000000000000000000e+00 3.275207891377749370e-01 2.195361685575811517e-01 3.292585143669796155e-01
4.100000000000000000e+03 0.000000000000000000e+00 0.000000000000000000e+00 0.000000000000000000e+00 0.000000000000000000e+00 0.000000000000000000e+00 1.176055888808741343e-05 0.000000000000000000e+00 2.036951832646008431e-02 0.000000000000000000e+00 2.903516410350477083e-06 0.000000000000000000e+00 2.709420046177780385e-04 0.000000000000000000e+00 7.480356473767178771e-02 0.000000000000000000e+00 2.074616866914922003e-04 0.000000000000000000e+00 0.000000000000000000e+00 0.000000000000000000e+00 2.801837710692469188e-02 0.000000000000000000e+00 0.000000000000000000e+00 0.000000000000000000e+00 0.000000000000000000e+00 0.000000000000000000e+00 3.275207891377749370e-01 2.195361685575811239e-01 3.292585143669796710e-01
4.400000000000000000e+03 0.000000000000000000e+00 0.000000000000000000e+00 0.000000000000000000e+00 0.000000000000000000e+00 0.000000000000000000e+00 1.176055888808741004e-05 0.000000000000000000e+00 2.036951832646008084e-02 0.000000000000000000e+00 2.903516410350476660e-06 0.000000000000000000e+00 2.709420046177779843e-04 0.000000000000000000e+00 7.480356473767178771e-02 0.000000000000000000e+00 2.074616866914921732e-04 0.000000000000000000e+00 0.000000000000000000e+00 0.000000000000000000e+00 2.801837710692468841e-02 0.000000000000000000e+00 0.000000000000000000e+00 0.000000000000000000e+00 0.000000000000000000e+00 0.000000000000000000e+00 3.275207891377749370e-01 2.195361685575811517e-01 3.292585143669796710e-01
4.700000000000000000e+03 0.000000000000000000e+00 0.000000000000000000e+00 0.000000000000000000e+00 0.000000000000000000e+00 0.000000000000000000e+00 1.176055888808741173e-05 0.000000000000000000e+00 2.036951832646008084e-02 0.000000000000000000e+00 2.903516410350476236e-06 0.000000000000000000e+00 2.709420046177779843e-04 0.000000000000000000e+00 7.480356473767178771e-02 0.000000000000000000e+00 2.074616866914921461e-04 0.000000000000000000e+00 0.000000000000000000e+00 0.000000000000000000e+00 2.801837710692469188e-02 0.000000000000000000e+00 0.000000000000000000e+00 0.000000000000000000e+00 0.000000000000000000e+00 0.000000000000000000e+00 3.275207891377749370e-01 2.195361685575810962e-01 3.292585143669796155e-01
5.000000000000000000e+03 0.000000000000000000e+00 0.000000000000000000e+00 0.000000000000000000e+00 0.000000000000000000e+00 0.000000000000000000e+00 1.176055888808741173e-05 0.000000000000000000e+00 2.036951832646008084e-02 0.000000000000000000e+00 2.903516410350476660e-06 0.000000000000000000e+00 2.709420046177780385e-04 0.000000000000000000e+00 7.480356473767178771e-02 0.000000000000000000e+00 2.074616866914921461e-04 0.000000000000000000e+00 0.000000000000000000e+00 0.000000000000000000e+00 2.801837710692469188e-02 0.000000000000000000e+00 0.000000000000000000e+00 0.000000000000000000e+00 0.000000000000000000e+00 0.000000000000000000e+00 3.275207891377749370e-01 2.195361685575811517e-01 3.292585143669796710e-01
5.300000000000000000e+03 0.000000000000000000e+00 0.000000000000000000e+00 0.000000000000000000e+00 0.000000000000000000e+00 0.000000000000000000e+00 1.176055888808741173e-05 0.000000000000000000e+00 2.036951832646008431e-02 0.000000000000000000e+00 2.903516410350477083e-06 0.000000000000000000e+00 2.709420046177780385e-04 0.000000000000000000e+00 7.480356473767178771e-02 0.000000000000000000e+00 2.074616866914921461e-04 0.000000000000000000e+00 0.000000000000000000e+00 0.000000000000000000e+00 2.801837710692469535e-02 0.000000000000000000e+00 0.000000000000000000e+00 0.000000000000000000e+00 0.000000000000000000e+00 0.000000000000000000e+00 3.275207891377749925e-01 2.195361685575811794e-01 3.292585143669796155e-01
5.600000000000000000e+03 0.000000000000000000e+00 0.000000000000000000e+00 0.000000000000000000e+00 0.000000000000000000e+00 0.000000000000000000e+00 1.176055888808741173e-05 0.000000000000000000e+00 2.036951832646008084e-02 0.000000000000000000e+00 2.903516410350476660e-06 0.000000000000000000e+00 2.709420046177779843e-04 0.000000000000000000e+00 7.480356473767178771e-02 0.000000000000000000e+00 2.074616866914921461e-04 0.000000000000000000e+00 0.000000000000000000e+00 0.000000000000000000e+00 2.801837710692469188e-02 0.000000000000000000e+00 0.000000000000000000e+00 0.000000000000000000e+00 0.000000000000000000e+00 0.000000000000000000e+00 3.275207891377749925e-01 2.195361685575811517e-01 3.292585143669796155e-01
5.900000000000000000e+03 0.000000000000000000e+00 0.000000000000000000e+00 0.000000000000000000e+00 0.000000000000000000e+00 0.000000000000000000e+00 1.176055888808740834e-05 0.000000000000000000e+00 2.036951832646008084e-02 0.000000000000000000e+00 2.903516410350476236e-06 0.000000000000000000e+00 2.709420046177779843e-04 0.000000000000000000e+00 7.480356473767178771e-02 0.000000000000000000e+00 2.074616866914921190e-04 0.000000000000000000e+00 0.000000000000000000e+00 0.000000000000000000e+00 2.801837710692468841e-02 0.000000000000000000e+00 0.000000000000000000e+00 0.000000000000000000e+00 0.000000000000000000e+00 0.000000000000000000e+00 3.275207891377748814e-01 2.195361685575810962e-01 3.292585143669796155e-01
6.200000000000000000e+03 0.000000000000000000e+00 0.000000000000000000e+00 0.000000000000000000e+00 0.000000000000000000e+00 0.000000000000000000e+00 1.176055888808741173e-05 0.000000000000000000e+00 2.036951832646008084e-02 0.000000000000000000e+00 2.903516410350476660e-06 0.000000000000000000e+00 2.709420046177779843e-04 0.000000000000000000e+00 7.480356473767178771e-02 0.000000000000000000e+00 2.074616866914921461e-04 0.000000000000000000e+00 0.000000000000000000e+00 0.000000000000000000e+00 2.801837710692469188e-02 0.000000000000000000e+00 0.000000000000000000e+00 0.000000000000000000e+00 0.000000000000000000e+00 0.000000000000000000e+00 3.275207891377749370e-01 2.195361685575811239e-01 3.292585143669796710e-01
6.500000000000000000e+03 0.000000000000000000e+00 0.000000000000000000e+00 0.000000000000000000e+00 0.000000000000000000e+00 0.000000000000000000e+00 1.176055888808741343e-05 0.000000000000000000e+00 2.036951832646008431e-02 0.000000000000000000e+00 2.903516410350477083e-06 0.000000000000000000e+00 2.709420046177780385e-04 0.000000000000000000e+00 7.480356473767178771e-02 0.000000000000000000e+00 2.074616866914921461e-04 0.000000000000000000e+00 0.000000000000000000e+00 0.000000000000000000e+00 2.801837710692469188e-02 0.000000000000000000e+00 0.000000000000000000e+00 0.000000000000000000e+00 0.000000000000000000e+00 0.000000000000000000e+00 3.275207891377749925e-01 2.195361685575811239e-01 3.292585143669796155e-01
6.800000000000000000e+03 0.000000000000000000e+00 0.000000000000000000e+00 0.000000000000000000e+00 0.000000000000000000e+00 0.000000000000000000e+00 1.176055888808741004e-05 0.000000000000000000e+00 2.036951832646008431e-02 0.000000000000000000e+00 2.903516410350476660e-06 0.000000000000000000e+00 2.709420046177779843e-04 0.000000000000000000e+00 7.480356473767178771e-02 0.000000000000000000e+00 2.074616866914921732e-04 0.000000000000000000e+00 0.000000000000000000e+00 0.000000000000000000e+00 2.801837710692469535e-02 0.000000000000000000e+00 0.000000000000000000e+00 0.000000000000000000e+00 0.000000000000000000e+00 0.000000000000000000e+00 3.275207891377748814e-01 2.195361685575811517e-01 3.292585143669796710e-01
7.100000000000000000e+03 0.000000000000000000e+00 0.000000000000000000e+00 0.000000000000000000e+00 0.000000000000000000e+00 0.000000000000000000e+00 6.973418942528710671e-06 0.000000000000000000e+00 1.558817402924447641e-02 0.000000000000000000e+00 2.318168092820405169e-06 0.000000000000000000e+00 4.416115426115418095e-03 0.000000000000000000e+00 3.551490088355319097e-02 0.000000000000000000e+00 1.133462750114526277e-03 0.000000000000000000e+00 0.000000000000000000e+00 0.000000000000000000e+00 2.908847260926654410e-02 0.000000000000000000e+00 0.000000000000000000e+00 0.000000000000000000e+00 0.000000000000000000e+00 0.000000000000000000e+00 1.850695211257646355e-01 2.087115340314098233e-01 5.204685275574960635e-01
7.400000000000000000e+03 0.000000000000000000e+00 0.000000000000000000e+00 0.000000000000000000e+00 0.000000000000000000e+00 0.000000000000000000e+00 6.973418942528712365e-06 0.000000000000000000e+00 1.558817402924447468e-02 0.000000000000000000e+00 2.318168092820405592e-06 0.000000000000000000e+00 4.416115426115417228e-03 0.000000000000000000e+00 3.551490088355319097e-02 0.000000000000000000e+00 1.133462750114526277e-03 0.000000000000000000e+00 0.000000000000000000e+00 0.000000000000000000e+00 2.908847260926654063e-02 0.000000000000000000e+00 0.000000000000000000e+00 0.000000000000000000e+00 0.000000000000000000e+00 0.000000000000000000e+00 1.850695211257646355e-01 2.087115340314098233e-01 5.204685275574960635e-01
7.700000000000000000e+03 0.000000000000000000e+00 0.000000000000000000e+00 0.000000000000000000e+00 0.000000000000000000e+00 0.000000000000000000e+00 6.973418942528712365e-06 0.000000000000000000e+00 1.558817402924447641e-02 0.000000000000000000e+00 2.318168092820406016e-06 0.000000000000000000e+00 4.416115426115418095e-03 0.000000000000000000e+00 3.551490088355319097e-02 0.000000000000000000e+00 1.133462750114526277e-03 0.000000000000000000e+00 0.000000000000000000e+00 0.000000000000000000e+00 2.908847260926654063e-02 0.000000000000000000e+00 0.000000000000000000e+00 0.000000000000000000e+00 0.000000000000000000e+00 0.000000000000000000e+00 1.850695211257646355e-01 2.087115340314098511e-01 5.204685275574960635e-01
8.000000000000000000e+03 0.000000000000000000e+00 0.000000000000000000e+00 0.000000000000000000e+00 0.000000000000000000e+00 0.000000000000000000e+00 6.973418942528710671e-06 0.000000000000000000e+00 1.558817402924447815e-02 0.000000000000000000e+00 2.318168092820405592e-06 0.000000000000000000e+00 4.416115426115418095e-03 0.000000000000000000e+00 3.551490088355319791e-02 0.000000000000000000e+00 1.133462750114526277e-03 0.000000000000000000e+00 0.000000000000000000e+00 0.000000000000000000e+00 2.908847260926654410e-02 0.000000000000000000e+00 0.000000000000000000e+00 0.000000000000000000e+00 0.000000000000000000e+00 0.000000000000000000e+00 1.850695211257646355e-01 2.087115340314098233e-01 5.204685275574961745e-01
8.300000000000000000e+03 0.000000000000000000e+00 0.000000000000000000e+00 0.000000000000000000e+00 0.000000000000000000e+00 0.000000000000000000e+00 6.973418942528710671e-06 0.000000000000000000e+00 1.558817402924447468e-02 0.000000000000000000e+00 2.318168092820405169e-06 0.000000000000000000e+00 4.416115426115417228e-03 0.000000000000000000e+00 3.551490088355319097e-02 0.000000000000000000e+00 1.133462750114526060e-03 0.000000000000000000e+00 0.000000000000000000e+00 0.000000000000000000e+00 2.908847260926653716e-02 0.000000000000000000e+00 0.000000000000000000e+00 0.000000000000000000e+00 0.000000000000000000e+00 0.000000000000000000e+00 1.850695211257646355e-01 2.087115340314097955e-01 5.204685275574960635e-01
8.600000000000000000e+03 0.000000000000000000e+00 0.000000000000000000e+00 0.000000000000000000e+00 0.000000000000000000e+00 0.000000000000000000e+00 6.973418942528711518e-06 0.000000000000000000e+00 1.558817402924447641e-02 0.000000000000000000e+00 2.318168092820405592e-06 0.000000000000000000e+00 4.416115426115417228e-03 0.000000000000000000e+00 3.551490088355319097e-02 0.000000000000000000e+00 1.133462750114526060e-03 0.000000000000000000e+00 0.000000000000000000e+00 0.000000000000000000e+00 2.908847260926654063e-02 0.000000000000000000e+00 0.000000000000000000e+00 0.000000000000000000e+00 0.000000000000000000e+00 0.000000000000000000e+00 1.850695211257646355e-01 2.087115340314098233e-01 5.204685275574960635e-01
8.900000000000000000e+03 0.000000000000000000e+00 0.000000000000000000e+00 0.000000000000000000e+00 0.000000000000000000e+00 0.000000000000000000e+00 6.973418942528710671e-06 0.000000000000000000e+00 1.558817402924447294e-02 0.000000000000000000e+00 2.318168092820405169e-06 0.000000000000000000e+00 4.416115426115417228e-03 0.000000000000000000e+00 3.551490088355318403e-02 0.000000000000000000e+00 1.133462750114526060e-03 0.000000000000000000e+00 0.000000000000000000e+00 0.000000000000000000e+00 2.908847260926653369e-02 0.000000000000000000e+00 0.000000000000000000e+00 0.000000000000000000e+00 0.000000000000000000e+00 0.000000000000000000e+00 1.850695211257646078e-01 2.087115340314097955e-01 5.204685275574960635e-01
9.200000000000000000e+03 0.000000000000000000e+00 0.000000000000000000e+00 0.000000000000000000e+00 0.000000000000000000e+00 0.000000000000000000e+00 6.973418942528711518e-06 0.000000000000000000e+00 1.558817402924447468e-02 0.000000000000000000e+00 2.318168092820405169e-06 0.000000000000000000e+00 4.416115426115417228e-03 0.000000000000000000e+00 3.551490088355319097e-02 0.000000000000000000e+00 1.133462750114526277e-03 0.000000000000000000e+00 0.000000000000000000e+00 0.000000000000000000e+00 2.908847260926654410e-02 0.000000000000000000e+00 0.000000000000000000e+00 0.000000000000000000e+00 0.000000000000000000e+00 0.000000000000000000e+00 1.850695211257646355e-01 2.087115340314097955e-01 5.204685275574960635e-01
9.500000000000000000e+03 0.000000000000000000e+00 0.000000000000000000e+00 0.000000000000000000e+00 0.000000000000000000e+00 0.000000000000000000e+00 6.973418942528711518e-06 0.000000000000000000e+00 1.558817402924447468e-02 0.000000000000000000e+00 2.318168092820405592e-06 0.000000000000000000e+00 4.416115426115418095e-03 0.000000000000000000e+00 3.551490088355319097e-02 0.000000000000000000e+00 1.133462750114526277e-03 0.000000000000000000e+00 0.000000000000000000e+00 0.000000000000000000e+00 2.908847260926654410e-02 0.000000000000000000e+00 0.000000000000000000e+00 0.000000000000000000e+00 0.000000000000000000e+00 0.000000000000000000e+00 1.850695211257646355e-01 2.087115340314098233e-01 5.204685275574959524e-01
9.800000000000000000e+03 0.000000000000000000e+00 0.000000000000000000e+00 0.000000000000000000e+00 0.000000000000000000e+00 0.000000000000000000e+00 6.973418942528712365e-06 0.000000000000000000e+00 1.558817402924447468e-02 0.000000000000000000e+00 2.318168092820405169e-06 0.000000000000000000e+00 4.416115426115417228e-03 0.000000000000000000e+00 3.551490088355319097e-02 0.000000000000000000e+00 1.133462750114526060e-03 0.000000000000000000e+00 0.000000000000000000e+00 0.000000000000000000e+00 2.908847260926653369e-02 0.000000000000000000e+00 0.000000000000000000e+00 0.000000000000000000e+00 0.000000000000000000e+00 0.000000000000000000e+00 1.850695211257646078e-01 2.087115340314097955e-01 5.204685275574960635e-01
1.010000000000000000e+04 0.000000000000000000e+00 0.000000000000000000e+00 0.000000000000000000e+00 0.000000000000000000e+00 0.000000000000000000e+00 5.090771394790646624e-06 0.000000000000000000e+00 8.322797014658725456e-03 0.000000000000000000e+00 1.180144578308211005e-06 0.000000000000000000e+00 2.568377731361443650e-01 0.000000000000000000e+00 4.151828488975484732e-01 0.000000000000000000e+00 1.663327469910052814e-01 0.000000000000000000e+00 0.000000000000000000e+00 0.000000000000000000e+00 3.163032655810282812e-02 0.000000000000000000e+00 0.000000000000000000e+00 0.000000000000000000e+00 0.000000000000000000e+00 0.000000000000000000e+00 4.676250644718202287e-02 6.416135386069658775e-02 1.076337617868869737e-02
1.040000000000000000e+04 0.000000000000000000e+00 0.000000000000000000e+00 0.000000000000000000e+00 0.000000000000000000e+00 0.000000000000000000e+00 5.090771394790646624e-06 0.000000000000000000e+00 8.322797014658723722e-03 0.000000000000000000e+00 1.180144578308210793e-06 0.000000000000000000e+00 2.568377731361442540e-01 0.000000000000000000e+00 4.151828488975484732e-01 0.000000000000000000e+00 1.663327469910052814e-01 0.000000000000000000e+00 0.000000000000000000e+00 0.000000000000000000e+00 3.163032655810282118e-02 0.000000000000000000e+00 0.000000000000000000e+00 0.000000000000000000e+00 0.000000000000000000e+00 0.000000000000000000e+00 4.676250644718200900e-02 6.416135386069657387e-02 1.076337617868869737e-02
1.070000000000000000e+04 0.000000000000000000e+00 0.000000000000000000e+00 0.000000000000000000e+00 0.000000000000000000e+00 0.000000000000000000e+00 5.090771394790645777e-06 0.000000000000000000e+00 8.322797014658721987e-03 0.000000000000000000e+00 1.180144578308210582e-06 0.000000000000000000e+00 2.568377731361442540e-01 0.000000000000000000e+00 4.151828488975483622e-01 0.000000000000000000e+00 1.663327469910052259e-01 0.000000000000000000e+00 0.000000000000000000e+00 0.000000000000000000e+00 3.163032655810282118e-02 0.000000000000000000e+00 0.000000000000000000e+00 0.000000000000000000e+00 0.000000000000000000e+00 0.000000000000000000e+00 4.676250644718200206e-02 6.416135386069657387e-02 1.076337617868869737e-02
1.100000000000000000e+04 0.000000000000000000e+00 0.000000000000000000e+00 0.000000000000000000e+00 0.000000000000000000e+00 0.000000000000000000e+00 5.090771394790646624e-06 0.000000000000000000e+00 8.322797014658723722e-03 0.000000000000000000e+00 1.180144578308210793e-06 0.000000000000000000e+00 2.568377731361443095e-01 0.000000000000000000e+00 4.151828488975484732e-01 0.000000000000000000e+00 1.663327469910052814e-01 0.000000000000000000e+00 0.000000000000000000e+00 0.000000000000000000e+00 3.163032655810282118e-02 0.000000000000000000e+00 0.000000000000000000e+00 0.000000000000000000e+00 0.000000000000000000e+00 0.000000000000000000e+00 4.676250644718201593e-02 6.416135386069657387e-02 1.076337617868869910e-02
1.130000000000000000e+04 0.000000000000000000e+00 0.000000000000000000e+00 0.000000000000000000e+00 0.000000000000000000e+00 0.000000000000000000e+00 5.090771394790647471e-06 0.000000000000000000e+00 8.322797014658725456e-03 0.000000000000000000e+00 1.180144578308211005e-06 0.000000000000000000e+00 2.568377731361443095e-01 0.000000000000000000e+00 4.151828488975485287e-01 0.000000000000000000e+00 1.663327469910052814e-01 0.000000000000000000e+00 0.000000000000000000e+00 0.000000000000000000e+00 3.163032655810282812e-02 0.000000000000000000e+00 0.000000000000000000e+00 0.000000000000000000e+00 0.000000000000000000e+00 0.000000000000000000e+00 4.676250644718201593e-02 6.416135386069658775e-02 1.076337617868869910e-02
1.160000000000000000e+04 0.000000000000000000e+00 0.000000000000000000e+00 0.000000000000000000e+00 0.000000000000000000e+00 0.000000000000000000e+00 5.090771394790647471e-06 0.000000000000000000e+00 8.322797014658725456e-03 0.000000000000000000e+00 1.180144578308211005e-06 0.000000000000000000e+00 2.568377731361443650e-01 0.000000000000000000e+00 4.151828488975485287e-01 0.000000000000000000e+00 1.663327469910053091e-01 0.000000000000000000e+00 0.000000000000000000e+00 0.000000000000000000e+00 3.163032655810282812e-02 0.000000000000000000e+00 0.000000000000000000e+00 0.000000000000000000e+00 0.000000000000000000e+00 0.000000000000000000e+00 4.676250644718201593e-02 6.416135386069658775e-02 1.076337617868869910e-02
1.190000000000000000e+04 0.000000000000000000e+00 0.000000000000000000e+00 0.000000000000000000e+00 0.000000000000000000e+00 0.000000000000000000e+00 5.090771394790645777e-06 0.000000000000000000e+00 8.322797014658721987e-03 0.000000000000000000e+00 1.180144578308210582e-06 0.000000000000000000e+00 2.568377731361442540e-01 0.000000000000000000e+00 4.151828488975484177e-01 0.000000000000000000e+00 1.663327469910052536e-01 0.000000000000000000e+00 0.000000000000000000e+00 0.000000000000000000e+00 3.163032655810282118e-02 0.000000000000000000e+00 0.000000000000000000e+00 0.000000000000000000e+00 0.000000000000000000e+00 0.000000000000000000e+00 4.676250644718200900e-02 6.416135386069655999e-02 1.076337617868869737e-02
1.220000000000000000e+04 0.000000000000000000e+00 0.000000000000000000e+00 0.000000000000000000e+00 0.000000000000000000e+00 0.000000000000000000e+00 5.090771394790646624e-06 0.000000000000000000e+00 8.322797014658723722e-03 0.000000000000000000e+00 1.180144578308210793e-06 0.000000000000000000e+00 2.568377731361442540e-01 0.000000000000000000e+00 4.151828488975485287e-01 0.000000000000000000e+00 1.663327469910052814e-01 0.000000000000000000e+00 0.000000000000000000e+00 0.000000000000000000e+00 3.163032655810282812e-02 0.000000000000000000e+00 0.000000000000000000e+00 0.000000000000000000e+00 0.000000000000000000e+00 0.000000000000000000e+00 4.676250644718200900e-02 6.416135386069658775e-02 1.076337617868869910e-02
1.250000000000000000e+04 0.000000000000000000e+00 0.000000000000000000e+00 0.000000000000000000e+00 0.000000000000000000e+00 0.000000000000000000e+00 5.090771394790646624e-06 0.000000000000000000e+00 8.322797014658723722e-03 0.000000000000000000e+00 1.180144578308210793e-06 0.000000000000000000e+00 2.568377731361443095e-01 0.000000000000000000e+00 4.151828488975485287e-01 0.000000000000000000e+00 1.663327469910052536e-01 0.000000000000000000e+00 0.000000000000000000e+00 0.000000000000000000e+00 3.163032655810283506e-02 0.000000000000000000e+00 0.000000000000000000e+00 0.000000000000000000e+00 0.000000000000000000e+00 0.000000000000000000e+00 4.676250644718201593e-02 6.416135386069657387e-02 1.076337617868869737e-02
1.280000000000000000e+04 0.000000000000000000e+00 0.000000000000000000e+00 0.000000000000000000e+00 0.000000000000000000e+00 0.000000000000000000e+00 5.090771394790646624e-06 0.000000000000000000e+00 8.322797014658725456e-03 0.000000000000000000e+00 1.180144578308211005e-06 0.000000000000000000e+00 2.568377731361443095e-01 0.000000000000000000e+00 4.151828488975484732e-01 0.000000000000000000e+00 1.663327469910052814e-01 0.000000000000000000e+00 0.000000000000000000e+00 0.000000000000000000e+00 3.163032655810282812e-02 0.000000000000000000e+00 0.000000000000000000e+00 0.000000000000000000e+00 0.000000000000000000e+00 0.000000000000000000e+00 4.676250644718201593e-02 6.416135386069658775e-02 1.076337617868869910e-02
1.310000000000000000e+04 0.000000000000000000e+00 0.000000000000000000e+00 0.000000000000000000e+00 0.000000000000000000e+00 0.000000000000000000e+00 8.159333495330566485e-06 0.000000000000000000e+00 8.638749274353988428e-01 0.000000000000000000e+00 7.325634156370482285e-07 0.000000000000000000e+00 3.845697687541415472e-02 0.000000000000000000e+00 9.039016502363651784e-02 0.000000000000000000e+00 2.550203590325946849e-05 0.000000000000000000e+00 0.000000000000000000e+00 0.000000000000000000e+00 1.470761770508695592e-03 0.000000000000000000e+00 0.000000000000000000e+00 0.000000000000000000e+00 0.000000000000000000e+00 0.000000000000000000e+00 2.718435521461430842e-03 1.572894100389526798e-03 1.481445340376653366e-03
1.340000000000000000e+04 0.000000000000000000e+00 0.000000000000000000e+00 0.000000000000000000e+00 0.000000000000000000e+00 0.000000000000000000e+00 8.159333495330568179e-06 0.000000000000000000e+00 8.638749274353989538e-01 0.000000000000000000e+00 7.325634156370482285e-07 0.000000000000000000e+00 3.845697687541416859e-02 0.000000000000000000e+00 9.039016502363654559e-02 0.000000000000000000e+00 2.550203590325947865e-05 0.000000000000000000e+00 0.000000000000000000e+00 0.000000000000000000e+00 1.470761770508695809e-03 0.000000000000000000e+00 0.000000000000000000e+00 0.000000000000000000e+00 0.000000000000000000e+00 0.000000000000000000e+00 2.718435521461432143e-03 1.572894100389527015e-03 1.481445340376653800e-03
1.370000000000000000e+04 0.000000000000000000e+00 0.000000000000000000e+00 0.000000000000000000e+00 0.000000000000000000e+00 0.000000000000000000e+00 8.159333495330566485e-06 0.000000000000000000e+00 8.638749274353987317e-01 0.000000000000000000e+00 7.325634156370481227e-07 0.000000000000000000e+00 3.845697687541415472e-02 0.000000000000000000e+00 9.039016502363650396e-02 0.000000000000000000e+00 2.550203590325947188e-05 0.000000000000000000e+00 0.000000000000000000e+00 0.000000000000000000e+00 1.470761770508695375e-03 0.000000000000000000e+00 0.000000000000000000e+00 0.000000000000000000e+00 0.000000000000000000e+00 0.000000000000000000e+00 2.718435521461431276e-03 1.572894100389526581e-03 1.481445340376653366e-03
1.400000000000000000e+04 0.000000000000000000e+00 0.000000000000000000e+00 0.000000000000000000e+00 0.000000000000000000e+00 0.000000000000000000e+00 8.159333495330568179e-06 0.000000000000000000e+00 8.638749274353988428e-01 0.000000000000000000e+00 7.325634156370482285e-07 0.000000000000000000e+00 3.845697687541416859e-02 0.000000000000000000e+00 9.039016502363653172e-02 0.000000000000000000e+00 2.550203590325947526e-05 0.000000000000000000e+00 0.000000000000000000e+00 0.000000000000000000e+00 1.470761770508695809e-03 0.000000000000000000e+00 0.000000000000000000e+00 0.000000000000000000e+00 0.000000000000000000e+00 0.000000000000000000e+00 2.718435521461431709e-03 1.572894100389527015e-03 1.481445340376653800e-03
1.430000000000000000e+04 0.000000000000000000e+00 0.000000000000000000e+00 0.000000000000000000e+00 0.000000000000000000e+00 0.000000000000000000e+00 8.159333495330568179e-06 0.000000000000000000e+00 8.638749274353987317e-01 0.000000000000000000e+00 7.325634156370482285e-07 0.000000000000000000e+00 3.845697687541416165e-02 0.000000000000000000e+00 9.039016502363653172e-02 0.000000000000000000e+00 2.550203590325947188e-05 0.000000000000000000e+00 0.000000000000000000e+00 0.000000000000000000e+00 1.470761770508695592e-03 0.000000000000000000e+00 0.000000000000000000e+00 0.000000000000000000e+00 0.000000000000000000e+00 0.000000000000000000e+00 2.718435521461431709e-03 1.572894100389527015e-03 1.481445340376653800e-03
1.460000000000000000e+04 0.000000000000000000e+00 0.000000000000000000e+00 0.000000000000000000e+00 0.000000000000000000e+00 0.000000000000000000e+00 8.159333495330566485e-06 0.000000000000000000e+00 8.638749274353988428e-01 0.000000000000000000e+00 7.325634156370481227e-07 0.000000000000000000e+00 3.845697687541415472e-02 0.000000000000000000e+00 9.039016502363651784e-02 0.000000000000000000e+00 2.550203590325947188e-05 0.000000000000000000e+00 0.000000000000000000e+00 0.000000000000000000e+00 1.470761770508695592e-03 0.000000000000000000e+00 0.000000000000000000e+00 0.000000000000000000e+00 0.000000000000000000e+00 0.000000000000000000e+00 2.718435521461431709e-03 1.572894100389526798e-03 1.481445340376653583e-03
1.490000000000000000e+04 0.000000000000000000e+00 0.000000000000000000e+00 0.000000000000000000e+00 0.000000000000000000e+00 0.000000000000000000e+00 8.159333495330568179e-06 0.000000000000000000e+00 8.638749274353989538e-01 0.000000000000000000e+00 7.325634156370482285e-07 0.000000000000000000e+00 3.845697687541416859e-02 0.000000000000000000e+00 9.039016502363653172e-02 0.000000000000000000e+00 2.550203590325947526e-05 0.000000000000000000e+00 0.000000000000000000e+00 0.000000000000000000e+00 1.470761770508696026e-03 0.000000000000000000e+00 0.000000000000000000e+00 0.000000000000000000e+00 0.000000000000000000e+00 0.000000000000000000e+00 2.718435521461432143e-03 1.572894100389527015e-03 1.481445340376653583e-03
1.520000000000000000e+04 0.000000000000000000e+00 0.000000000000000000e+00 0.000000000000000000e+00 0.000000000000000000e+00 0.000000000000000000e+00 8.159333495330568179e-06 0.000000000000000000e+00 8.638749274353989538e-01 0.000000000000000000e+00 7.325634156370482285e-07 0.000000000000000000e+00 3.845697687541416859e-02 0.000000000000000000e+00 9.039016502363654559e-02 0.000000000000000000e+00 2.550203590325947865e-05 0.000000000000000000e+00 0.000000000000000000e+00 0.000000000000000000e+00 1.470761770508695809e-03 0.000000000000000000e+00 0.000000000000000000e+00 0.000000000000000000e+00 0.000000000000000000e+00 0.000000000000000000e+00 2.718435521461431709e-03 1.572894100389526798e-03 1.481445340376653800e-03
1.550000000000000000e+04 0.000000000000000000e+00 0.000000000000000000e+00 0.000000000000000000e+00 0.000000000000000000e+00 0.000000000000000000e+00 8.159333495330569873e-06 0.000000000000000000e+00 8.638749274353988428e-01 0.000000000000000000e+00 7.325634156370483344e-07 0.000000000000000000e+00 3.845697687541416859e-02 0.000000000000000000e+00 9.039016502363653172e-02 0.000000000000000000e+00 2.550203590325947526e-05 0.000000000000000000e+00 0.000000000000000000e+00 0.000000000000000000e+00 1.470761770508695592e-03 0.000000000000000000e+00 0.000000000000000000e+00 0.000000000000000000e+00 0.000000000000000000e+00 0.000000000000000000e+00 2.718435521461432143e-03 1.572894100389527015e-03 1.481445340376653800e-03
1.580000000000000000e+04 0.000000000000000000e+00 0.000000000000000000e+00 0.000000000000000000e+00 0.000000000000000000e+00 0.000000000000000000e+00 8.159333495330564791e-06 0.000000000000000000e+00 8.638749274353986207e-01 0.000000000000000000e+00 7.325634156370480168e-07 0.000000000000000000e+00 3.845697687541415472e-02 0.000000000000000000e+00 9.039016502363651784e-02 0.000000000000000000e+00 2.550203590325947188e-05 0.000000000000000000e+00 0.000000000000000000e+00 0.000000000000000000e+00 1.470761770508695158e-03 0.000000000000000000e+00 0.000000000000000000e+00 0.000000000000000000e+00 0.000000000000000000e+00 0.000000000000000000e+00 2.718435521461430842e-03 1.572894100389526581e-03 1.481445340376653366e-03
1.610000000000000000e+04 0.000000000000000000e+00 0.000000000000000000e+00 0.000000000000000000e+00 0.000000000000000000e+00 0.000000000000000000e+00 8.159333495330568179e-06 0.000000000000000000e+00 8.638749274353987317e-01 0.000000000000000000e+00 7.325634156370482285e-07 0.000000000000000000e+00 3.845697687541416165e-02 0.000000000000000000e+00 9.039016502363653172e-02 0.000000000000000000e+00 2.550203590325947188e-05 0.000000000000000000e+00 0.000000000000000000e+00 0.000000000000000000e+00 1.470761770508695592e-03 0.000000000000000000e+00 0.000000000000000000e+00 0.000000000000000000e+00 0.000000000000000000e+00 0.000000000000000000e+00 2.718435521461431709e-03 1.572894100389526798e-03 1.481445340376653800e-03
1.640000000000000000e+04 0.000000000000000000e+00 0.000000000000000000e+00 0.000000000000000000e+00 0.000000000000000000e+00 0.000000000000000000e+00 8.159333495330566485e-06 0.000000000000000000e+00 8.638749274353988428e-01 0.000000000000000000e+00 7.325634156370481227e-07 0.000000000000000000e+00 3.845697687541415472e-02 0.000000000000000000e+00 9.039016502363651784e-02 0.000000000000000000e+00 2.550203590325947188e-05 0.000000000000000000e+00 0.000000000000000000e+00 0.000000000000000000e+00 1.470761770508695592e-03 0.000000000000000000e+00 0.000000000000000000e+00 0.000000000000000000e+00 0.000000000000000000e+00 0.000000000000000000e+00 2.718435521461431709e-03 1.572894100389526581e-03 1.481445340376653583e-03
1.670000000000000000e+04 0.000000000000000000e+00 0.000000000000000000e+00 0.000000000000000000e+00 0.000000000000000000e+00 0.000000000000000000e+00 8.159333495330566485e-06 0.000000000000000000e+00 8.638749274353986207e-01 0.000000000000000000e+00 7.325634156370480168e-07 0.000000000000000000e+00 3.845697687541416165e-02 0.000000000000000000e+00 9.039016502363653172e-02 0.000000000000000000e+00 2.550203590325947188e-05 0.000000000000000000e+00 0.000000000000000000e+00 0.000000000000000000e+00 1.470761770508695592e-03 0.000000000000000000e+00 0.000000000000000000e+00 0.000000000000000000e+00 0.000000000000000000e+00 0.000000000000000000e+00 2.718435521461431276e-03 1.572894100389526798e-03 1.481445340376653583e-03
1.700000000000000000e+04 0.000000000000000000e+00 0.000000000000000000e+00 0.000000000000000000e+00 0.000000000000000000e+00 0.000000000000000000e+00 2.388484031304430599e-01 0.000000000000000000e+00 5.147255765089733259e-01 0.000000000000000000e+00 9.348577926535717175e-02 0.000000000000000000e+00 1.391164711158308087e-01 0.000000000000000000e+00 1.958711097700856490e-04 0.000000000000000000e+00 1.574180584551082020e-04 0.000000000000000000e+00 0.000000000000000000e+00 0.000000000000000000e+00 3.750146161551933931e-03 0.000000000000000000e+00 0.000000000000000000e+00 0.000000000000000000e+00 0.000000000000000000e+00 0.000000000000000000e+00 6.570851382993654968e-03 5.785865631945418582e-04 2.570896703430301886e-03
1.730000000000000000e+04 0.000000000000000000e+00 0.000000000000000000e+00 0.000000000000000000e+00 0.000000000000000000e+00 0.000000000000000000e+00 2.388484031304430877e-01 0.000000000000000000e+00 5.147255765089733259e-01 0.000000000000000000e+00 9.348577926535715787e-02 0.000000000000000000e+00 1.391164711158308087e-01 0.000000000000000000e+00 1.958711097700856490e-04 0.000000000000000000e+00 1.574180584551081749e-04 0.000000000000000000e+00 0.000000000000000000e+00 0.000000000000000000e+00 3.750146161551933931e-03 0.000000000000000000e+00 0.000000000000000000e+00 0.000000000000000000e+00 0.000000000000000000e+00 0.000000000000000000e+00 6.570851382993654101e-03 5.785865631945419666e-04 2.570896703430300585e-03
1.760000000000000000e+04 0.000000000000000000e+00 0.000000000000000000e+00 0.000000000000000000e+00 0.000000000000000000e+00 0.000000000000000000e+00 2.388484031304430599e-01 0.000000000000000000e+00 5.147255765089732149e-01 0.000000000000000000e+00 9.348577926535717175e-02 0.000000000000000000e+00 1.391164711158308365e-01 0.000000000000000000e+00 1.958711097700856490e-04 0.000000000000000000e+00 1.574180584551081749e-04 0.000000000000000000e+00 0.000000000000000000e+00 0.000000000000000000e+00 3.750146161551933498e-03 0.000000000000000000e+00 0.000000000000000000e+00 0.000000000000000000e+00 0.000000000000000000e+00 0.000000000000000000e+00 6.570851382993654101e-03 5.785865631945419666e-04 2.570896703430301019e-03
1.790000000000000000e+04 0.000000000000000000e+00 0.000000000000000000e+00 0.000000000000000000e+00 0.000000000000000000e+00 0.000000000000000000e+00 2.388484031304430877e-01 0.000000000000000000e+00 5.147255765089733259e-01 0.000000000000000000e+00 9.348577926535718563e-02 0.000000000000000000e+00 1.391164711158308087e-01 0.000000000000000000e+00 1.958711097700856490e-04 0.000000000000000000e+00 1.574180584551081749e-04 0.000000000000000000e+00 0.000000000000000000e+00 0.000000000000000000e+00 3.750146161551934365e-03 0.000000000000000000e+00 0.000000000000000000e+00 0.000000000000000000e+00 0.000000000000000000e+00 0.000000000000000000e+00 6.570851382993654968e-03 5.785865631945419666e-04 2.570896703430301019e-03
1.820000000000000000e+04 0.000000000000000000e+00 0.000000000000000000e+00 0.000000000000000000e+00 0.000000000000000000e+00 0.000000000000000000e+00 2.388484031304430322e-01 0.000000000000000000e+00 5.147255765089732149e-01 0.000000000000000000e+00 9.348577926535715787e-02 0.000000000000000000e+00 1.391164711158308087e-01 0.000000000000000000e+00 1.958711097700856218e-04 0.000000000000000000e+00 1.574180584551081478e-04 0.000000000000000000e+00 0.000000000000000000e+00 0.000000000000000000e+00 3.750146161551933064e-03 0.000000000000000000e+00 0.000000000000000000e+00 0.000000000000000000e+00 0.000000000000000000e+00 0.000000000000000000e+00 6.570851382993654101e-03 5.785865631945418582e-04 2.570896703430301019e-03
1.850000000000000000e+04 0.000000000000000000e+00 0.000000000000000000e+00 0.000000000000000000e+00 0.000000000000000000e+00 0.000000000000000000e+00 2.388484031304430599e-01 0.000000000000000000e+00 5.147255765089732149e-01 0.000000000000000000e+00 9.348577926535717175e-02 0.000000000000000000e+00 1.391164711158308087e-01 0.000000000000000000e+00 1.958711097700856218e-04 0.000000000000000000e+00 1.574180584551081749e-04 0.000000000000000000e+00 0.000000000000000000e+00 0.000000000000000000e+00 3.750146161551933064e-03 0.000000000000000000e+00 0.000000000000000000e+00 0.000000000000000000e+00 0.000000000000000000e+00 0.000000000000000000e+00 6.570851382993654968e-03 5.785865631945418582e-04 2.570896703430301453e-03
1.880000000000000000e+04 0.000000000000000000e+00 0.000000000000000000e+00 0.000000000000000000e+00 0.000000000000000000e+00 0.000000000000000000e+00 2.388484031304431154e-01 0.000000000000000000e+00 5.147255765089733259e-01 0.000000000000000000e+00 9.348577926535717175e-02 0.000000000000000000e+00 1.391164711158308365e-01 0.000000000000000000e+00 1.958711097700856490e-04 0.000000000000000000e+00 1.574180584551082020e-04 0.000000000000000000e+00 0.000000000000000000e+00 0.000000000000000000e+00 3.750146161551933931e-03 0.000000000000000000e+00 0.000000000000000000e+00 0.000000000000000000e+00 0.000000000000000000e+00 0.000000000000000000e+00 6.570851382993655836e-03 5.785865631945419666e-04 2.570896703430301453e-03
1.910000000000000000e+04 0.000000000000000000e+00 0.000000000000000000e+00 0.000000000000000000e+00 0.000000000000000000e+00 0.000000000000000000e+00 2.388484031304430877e-01 0.000000000000000000e+00 5.147255765089733259e-01 0.000000000000000000e+00 9.348577926535718563e-02 0.000000000000000000e+00 1.391164711158308087e-01 0.000000000000000000e+00 1.958711097700856761e-04 0.000000000000000000e+00 1.574180584551082020e-04 0.000000000000000000e+00 0.000000000000000000e+00 0.000000000000000000e+00 3.750146161551933498e-03 0.000000000000000000e+00 0.000000000000000000e+00 0.000000000000000000e+00 0.000000000000000000e+00 0.000000000000000000e+00 6.570851382993655836e-03 5.785865631945420751e-04 2.570896703430301019e-03
1.940000000000000000e+04 0.000000000000000000e+00 0.000000000000000000e+00 0.000000000000000000e+00 0.000000000000000000e+00 0.000000000000000000e+00 2.388484031304431432e-01 0.000000000000000000e+00 5.147255765089734370e-01 0.000000000000000000e+00 9.348577926535719951e-02 0.000000000000000000e+00 1.391164711158308642e-01 0.000000000000000000e+00 1.958711097700857032e-04 0.000000000000000000e+00 1.574180584551082020e-04 0.000000000000000000e+00 0.000000000000000000e+00 0.000000000000000000e+00 3.750146161551934365e-03 0.000000000000000000e+00 0.000000000000000000e+00 0.000000000000000000e+00 0.000000000000000000e+00 0.000000000000000000e+00 6.570851382993656703e-03 5.785865631945420751e-04 2.570896703430301886e-03
1.970000000000000000e+04 0.000000000000000000e+00 0.000000000000000000e+00 0.000000000000000000e+00 0.000000000000000000e+00 0.000000000000000000e+00 2.388484031304430599e-01 0.000000000000000000e+00 5.147255765089732149e-01 0.000000000000000000e+00 9.348577926535718563e-02 0.000000000000000000e+00 1.391164711158308087e-01 0.000000000000000000e+00 1.958711097700856218e-04 0.000000000000000000e+00 1.574180584551081749e-04 0.000000000000000000e+00 0.000000000000000000e+00 0.000000000000000000e+00 3.750146161551933064e-03 0.000000000000000000e+00 0.000000000000000000e+00 0.000000000000000000e+00 0.000000000000000000e+00 0.000000000000000000e+00 6.570851382993654968e-03 5.785865631945418582e-04 2.570896703430301019e-03
