3.500000000000000000e+03 0.000000000000000000e+00 0.000000000000000000e+00 0.000000000000000000e+00 0.000000000000000000e+00 0.000000000000000000e+00 1.193186017866204119e-05 0.000000000000000000e+00 2.063417850101553069e-02 0.000000000000000000e+00 2.824066110792368279e-06 0.000000000000000000e+00 2.685337948274244164e-04 0.000000000000000000e+00 6.991856858752899806e-02 0.000000000000000000e+00 2.068159056831895821e-04 0.000000000000000000e+00 0.000000000000000000e+00 0.000000000000000000e+00 2.918951421747524241e-02 0.000000000000000000e+00 0.000000000000000000e+00 0.000000000000000000e+00 0.000000000000000000e+00 0.000000000000000000e+00 3.406636113955675005e-01 2.235149675673743785e-01 3.155890541042382647e-01
3.800000000000000000e+03 0.000000000000000000e+00 0.000000000000000000e+00 0.000000000000000000e+00 0.000000000000000000e+00 0.000000000000000000e+00 1.193186017866204457e-05 0.000000000000000000e+00 2.063417850101553416e-02 0.000000000000000000e+00 2.824066110792369550e-06 0.000000000000000000e+00 2.685337948274244707e-04 0.000000000000000000e+00 6.991856858752901194e-02 0.000000000000000000e+00 2.068159056831896092e-04 0.000000000000000000e+00 0.000000000000000000e+00 0.000000000000000000e+00 2.918951421747524588e-02 0.000000000000000000e+00 0.000000000000000000e+00 0.000000000000000000e+00 0.000000000000000000e+00 0.000000000000000000e+00 3.406636113955675005e-01 2.235149675673744063e-01 3.155890541042382647e-01
4.100000000000000000e+03 0.000000000000000000e+00 0.000000000000000000e+00 0.000000000000000000e+00 0.000000000000000000e+00 0.000000000000000000e+00 1.193186017866204288e-05 0.000000000000000000e+00 2.063417850101553069e-02 0.000000000000000000e+00 2.824066110792369126e-06 0.000000000000000000e+00 2.685337948274244164e-04 0.000000000000000000e+00 6.991856858752901194e-02 0.000000000000000000e+00 2.068159056831896092e-04 0.000000000000000000e+00 0.000000000000000000e+00 0.000000000000000000e+00 2.918951421747524588e-02 0.000000000000000000e+00 0.000000000000000000e+00 0.000000000000000000e+00 0.000000000000000000e+00 0.000000000000000000e+00 3.406636113955675560e-01 2.235149675673743785e-01 3.155890541042382647e-01
4.400000000000000000e+03 0.000000000000000000e+00 0.000000000000000000e+00 0.000000000000000000e+00 0.000000000000000000e+00 0.000000000000000000e+00 1.193186017866204457e-05 0.000000000000000000e+00 2.063417850101553416e-02 0.000000000000000000e+00 2.824066110792369550e-06 0.000000000000000000e+00 2.685337948274244707e-04 0.000000000000000000e+00 6.991856858752901194e-02 0.000000000000000000e+00 2.068159056831896363e-04 0.000000000000000000e+00 0.000000000000000000e+00 0.000000000000000000e+00 2.918951421747524241e-02 0.000000000000000000e+00 0.000000000000000000e+00 0.000000000000000000e+00 0.000000000000000000e+00 0.000000000000000000e+00 3.406636113955675560e-01 2.235149675673744063e-01 3.155890541042382647e-01
4.700000000000000000e+03 0.000000000000000000e+00 0.000000000000000000e+00 0.000000000000000000e+00 0.000000000000000000e+00 0.000000000000000000e+00 1.193186017866204457e-05 0.000000000000000000e+00 2.063417850101553416e-02 0.000000000000000000e+00 2.824066110792369126e-06 0.000000000000000000e+00 2.685337948274244707e-04 0.000000000000000000e+00 6.991856858752901194e-02 0.000000000000000000e+00 2.068159056831896092e-04 0.000000000000000000e+00 0.000000000000000000e+00 0.000000000000000000e+00 2.918951421747524241e-02 0.000000000000000000e+00 0.000000000000000000e+00 0.000000000000000000e+00 0.000000000000000000e+00 0.000000000000000000e+00 3.406636113955674450e-01 2.235149675673743785e-01 3.155890541042382647e-01
5.000000000000000000e+03 0.000000000000000000e+00 0.000000000000000000e+00 0.000000000000000000e+00 0.000000000000000000e+00 0.000000000000000000e+00 1.193186017866204288e-05 0.000000000000000000e+00 2.063417850101553069e-02 0.000000000000000000e+00 2.824066110792369126e-06 0.000000000000000000e+00 2.685337948274244707e-04 0.000000000000000000e+00 6.991856858752901194e-02 0.000000000000000000e+00 2.068159056831896092e-04 0.000000000000000000e+00 0.000000000000000000e+00 0.000000000000000000e+00 2.918951421747523894e-02 0.000000000000000000e+00 0.000000000000000000e+00 0.000000000000000000e+00 0.000000000000000000e+00 0.000000000000000000e+00 3.406636113955675005e-01 2.235149675673743508e-01 3.155890541042382647e-01
5.300000000000000000e+03 0.000000000000000000e+00 0.000000000000000000e+00 0.000000000000000000e+00 0.000000000000000000e+00 0.000000000000000000e+00 1.193186017866204119e-05 0.000000000000000000e+00 2.063417850101553416e-02 0.000000000000000000e+00 2.824066110792368703e-06 0.000000000000000000e+00 2.685337948274244164e-04 0.000000000000000000e+00 6.991856858752899806e-02 0.000000000000000000e+00 2.068159056831895821e-04 0.000000000000000000e+00 0.000000000000000000e+00 0.000000000000000000e+00 2.918951421747524241e-02 0.000000000000000000e+00 0.000000000000000000e+00 0.000000000000000000e+00 0.000000000000000000e+00 0.000000000000000000e+00 3.406636113955675005e-01 2.235149675673743508e-01 3.155890541042382091e-01
5.600000000000000000e+03 0.000000000000000000e+00 0.000000000000000000e+00 0.000000000000000000e+00 0.000000000000000000e+00 0.000000000000000000e+00 1.193186017866204119e-05 0.000000000000000000e+00 2.063417850101553416e-02 0.000000000000000000e+00 2.824066110792368703e-06 0.000000000000000000e+00 2.685337948274244164e-04 0.000000000000000000e+00 6.991856858752901194e-02 0.000000000000000000e+00 2.068159056831896092e-04 0.000000000000000000e+00 0.000000000000000000e+00 0.000000000000000000e+00 2.918951421747524241e-02 0.000000000000000000e+00 0.000000000000000000e+00 0.000000000000000000e+00 0.000000000000000000e+00 0.000000000000000000e+00 3.406636113955674450e-01 2.235149675673744063e-01 3.155890541042382647e-01
5.900000000000000000e+03 0.000000000000000000e+00 0.000000000000000000e+00 0.000000000000000000e+00 0.000000000000000000e+00 0.000000000000000000e+00 1.193186017866204627e-05 0.000000000000000000e+00 2.063417850101553763e-02 0.000000000000000000e+00 2.824066110792369550e-06 0.000000000000000000e+00 2.685337948274245249e-04 0.000000000000000000e+00 6.991856858752902582e-02 0.000000000000000000e+00 2.068159056831896363e-04 0.000000000000000000e+00 0.000000000000000000e+00 0.000000000000000000e+00 2.918951421747525282e-02 0.000000000000000000e+00 0.000000000000000000e+00 0.000000000000000000e+00 0.000000000000000000e+00 0.000000000000000000e+00 3.406636113955675005e-01 2.235149675673744063e-01 3.155890541042383202e-01
6.200000000000000000e+03 0.000000000000000000e+00 0.000000000000000000e+00 0.000000000000000000e+00 0.000000000000000000e+00 0.000000000000000000e+00 1.193186017866204288e-05 0.000000000000000000e+00 2.063417850101552722e-02 0.000000000000000000e+00 2.824066110792368279e-06 0.000000000000000000e+00 2.685337948274244164e-04 0.000000000000000000e+00 6.991856858752899806e-02 0.000000000000000000e+00 2.068159056831895821e-04 0.000000000000000000e+00 0.000000000000000000e+00 0.000000000000000000e+00 2.918951421747523894e-02 0.000000000000000000e+00 0.000000000000000000e+00 0.000000000000000000e+00 0.000000000000000000e+00 0.000000000000000000e+00 3.406636113955675005e-01 2.235149675673743508e-01 3.155890541042382091e-01
6.500000000000000000e+03 0.000000000000000000e+00 0.000000000000000000e+00 0.000000000000000000e+00 0.000000000000000000e+00 0.000000000000000000e+00 1.193186017866204288e-05 0.000000000000000000e+00 2.063417850101553069e-02 0.000000000000000000e+00 2.824066110792368703e-06 0.000000000000000000e+00 2.685337948274244164e-04 0.000000000000000000e+00 6.991856858752899806e-02 0.000000000000000000e+00 2.068159056831895821e-04 0.000000000000000000e+00 0.000000000000000000e+00 0.000000000000000000e+00 2.918951421747523547e-02 0.000000000000000000e+00 0.000000000000000000e+00 0.000000000000000000e+00 0.000000000000000000e+00 0.000000000000000000e+00 3.406636113955675005e-01 2.235149675673743785e-01 3.155890541042382091e-01
6.800000000000000000e+03 0.000000000000000000e+00 0.000000000000000000e+00 0.000000000000000000e+00 0.000000000000000000e+00 0.000000000000000000e+00 1.193186017866204288e-05 0.000000000000000000e+00 2.063417850101553416e-02 0.000000000000000000e+00 2.824066110792369126e-06 0.000000000000000000e+00 2.685337948274244707e-04 0.000000000000000000e+00 6.991856858752901194e-02 0.000000000000000000e+00 2.068159056831896092e-04 0.000000000000000000e+00 0.000000000000000000e+00 0.000000000000000000e+00 2.918951421747524241e-02 0.000000000000000000e+00 0.000000000000000000e+00 0.000000000000000000e+00 0.000000000000000000e+00 0.000000000000000000e+00 3.406636113955675560e-01 2.235149675673744341e-01 3.155890541042382647e-01
7.100000000000000000e+03 0.000000000000000000e+00 0.000000000000000000e+00 0.000000000000000000e+00 0.000000000000000000e+00 0.000000000000000000e+00 5.595498243264811004e-06 0.000000000000000000e+00 1.379334740655967749e-02 0.000000000000000000e+00 1.790986423763700648e-06 0.000000000000000000e+00 3.187588619880089846e-03 0.000000000000000000e+00 2.212985046236056949e-02 0.000000000000000000e+00 8.846686235910412388e-04 0.000000000000000000e+00 0.000000000000000000e+00 0.000000000000000000e+00 3.366006242649919461e-02 0.000000000000000000e+00 0.000000000000000000e+00 0.000000000000000000e+00 0.000000000000000000e+00 0.000000000000000000e+00 1.194038834450869974e-01 1.525339285785691501e-01 6.543992839527863481e-01
7.400000000000000000e+03 0.000000000000000000e+00 0.000000000000000000e+00 0.000000000000000000e+00 0.000000000000000000e+00 0.000000000000000000e+00 5.595498243264810157e-06 0.000000000000000000e+00 1.379334740655967576e-02 0.000000000000000000e+00 1.790986423763700225e-06 0.000000000000000000e+00 3.187588619880089846e-03 0.000000000000000000e+00 2.212985046236056255e-02 0.000000000000000000e+00 8.846686235910411304e-04 0.000000000000000000e+00 0.000000000000000000e+00 0.000000000000000000e+00 3.366006242649918767e-02 0.000000000000000000e+00 0.000000000000000000e+00 0.000000000000000000e+00 0.000000000000000000e+00 0.000000000000000000e+00 1.194038834450869835e-01 1.525339285785691779e-01 6.543992839527862371e-01
7.700000000000000000e+03 0.000000000000000000e+00 0.000000000000000000e+00 0.000000000000000000e+00 0.000000000000000000e+00 0.000000000000000000e+00 5.595498243264811004e-06 0.000000000000000000e+00 1.379334740655967576e-02 0.000000000000000000e+00 1.790986423763700648e-06 0.000000000000000000e+00 3.187588619880088979e-03 0.000000000000000000e+00 2.212985046236057296e-02 0.000000000000000000e+00 8.846686235910412388e-04 0.000000000000000000e+00 0.000000000000000000e+00 0.000000000000000000e+00 3.366006242649918767e-02 0.000000000000000000e+00 0.000000000000000000e+00 0.000000000000000000e+00 0.000000000000000000e+00 0.000000000000000000e+00 1.194038834450870112e-01 1.525339285785691501e-01 6.543992839527862371e-01
8.000000000000000000e+03 0.000000000000000000e+00 0.000000000000000000e+00 0.000000000000000000e+00 0.000000000000000000e+00 0.000000000000000000e+00 5.595498243264810157e-06 0.000000000000000000e+00 1.379334740655967576e-02 0.000000000000000000e+00 1.790986423763700860e-06 0.000000000000000000e+00 3.187588619880089413e-03 0.000000000000000000e+00 2.212985046236056602e-02 0.000000000000000000e+00 8.846686235910411304e-04 0.000000000000000000e+00 0.000000000000000000e+00 0.000000000000000000e+00 3.366006242649918767e-02 0.000000000000000000e+00 0.000000000000000000e+00 0.000000000000000000e+00 0.000000000000000000e+00 0.000000000000000000e+00 1.194038834450870112e-01 1.525339285785691501e-01 6.543992839527862371e-01
8.300000000000000000e+03 0.000000000000000000e+00 0.000000000000000000e+00 0.000000000000000000e+00 0.000000000000000000e+00 0.000000000000000000e+00 5.595498243264811004e-06 0.000000000000000000e+00 1.379334740655967749e-02 0.000000000000000000e+00 1.790986423763700648e-06 0.000000000000000000e+00 3.187588619880089413e-03 0.000000000000000000e+00 2.212985046236056602e-02 0.000000000000000000e+00 8.846686235910413473e-04 0.000000000000000000e+00 0.000000000000000000e+00 0.000000000000000000e+00 3.366006242649918767e-02 0.000000000000000000e+00 0.000000000000000000e+00 0.000000000000000000e+00 0.000000000000000000e+00 0.000000000000000000e+00 1.194038834450869974e-01 1.525339285785691501e-01 6.543992839527863481e-01
8.600000000000000000e+03 0.000000000000000000e+00 0.000000000000000000e+00 0.000000000000000000e+00 0.000000000000000000e+00 0.000000000000000000e+00 5.595498243264811004e-06 0.000000000000000000e+00 1.379334740655967922e-02 0.000000000000000000e+00 1.790986423763700860e-06 0.000000000000000000e+00 3.187588619880090280e-03 0.000000000000000000e+00 2.212985046236056602e-02 0.000000000000000000e+00 8.846686235910414557e-04 0.000000000000000000e+00 0.000000000000000000e+00 0.000000000000000000e+00 3.366006242649919461e-02 0.000000000000000000e+00 0.000000000000000000e+00 0.000000000000000000e+00 0.000000000000000000e+00 0.000000000000000000e+00 1.194038834450870390e-01 1.525339285785691779e-01 6.543992839527862371e-01
8.900000000000000000e+03 0.000000000000000000e+00 0.000000000000000000e+00 0.000000000000000000e+00 0.000000000000000000e+00 0.000000000000000000e+00 5.595498243264809310e-06 0.000000000000000000e+00 1.379334740655967576e-02 0.000000000000000000e+00 1.790986423763700225e-06 0.000000000000000000e+00 3.187588619880088979e-03 0.000000000000000000e+00 2.212985046236056255e-02 0.000000000000000000e+00 8.846686235910411304e-04 0.000000000000000000e+00 0.000000000000000000e+00 0.000000000000000000e+00 3.366006242649918767e-02 0.000000000000000000e+00 0.000000000000000000e+00 0.000000000000000000e+00 0.000000000000000000e+00 0.000000000000000000e+00 1.194038834450869835e-01 1.525339285785691223e-01 6.543992839527862371e-01
9.200000000000000000e+03 0.000000000000000000e+00 0.000000000000000000e+00 0.000000000000000000e+00 0.000000000000000000e+00 0.000000000000000000e+00 5.595498243264810157e-06 0.000000000000000000e+00 1.379334740655967576e-02 0.000000000000000000e+00 1.790986423763700225e-06 0.000000000000000000e+00 3.187588619880089413e-03 0.000000000000000000e+00 2.212985046236056602e-02 0.000000000000000000e+00 8.846686235910411304e-04 0.000000000000000000e+00 0.000000000000000000e+00 0.000000000000000000e+00 3.366006242649918767e-02 0.000000000000000000e+00 0.000000000000000000e+00 0.000000000000000000e+00 0.000000000000000000e+00 0.000000000000000000e+00 1.194038834450869974e-01 1.525339285785691779e-01 6.543992839527863481e-01
9.500000000000000000e+03 0.000000000000000000e+00 0.000000000000000000e+00 0.000000000000000000e+00 0.000000000000000000e+00 0.000000000000000000e+00 5.595498243264809310e-06 0.000000000000000000e+00 1.379334740655967402e-02 0.000000000000000000e+00 1.790986423763700436e-06 0.000000000000000000e+00 3.187588619880088979e-03 0.000000000000000000e+00 2.212985046236056602e-02 0.000000000000000000e+00 8.846686235910410220e-04 0.000000000000000000e+00 0.000000000000000000e+00 0.000000000000000000e+00 3.366006242649918767e-02 0.000000000000000000e+00 0.000000000000000000e+00 0.000000000000000000e+00 0.000000000000000000e+00 0.000000000000000000e+00 1.194038834450869696e-01 1.525339285785691223e-01 6.543992839527863481e-01
9.800000000000000000e+03 0.000000000000000000e+00 0.000000000000000000e+00 0.000000000000000000e+00 0.000000000000000000e+00 0.000000000000000000e+00 5.595498243264811004e-06 0.000000000000000000e+00 1.379334740655967576e-02 0.000000000000000000e+00 1.790986423763700436e-06 0.000000000000000000e+00 3.187588619880089413e-03 0.000000000000000000e+00 2.212985046236056949e-02 0.000000000000000000e+00 8.846686235910411304e-04 0.000000000000000000e+00 0.000000000000000000e+00 0.000000000000000000e+00 3.366006242649918767e-02 0.000000000000000000e+00 0.000000000000000000e+00 0.000000000000000000e+00 0.000000000000000000e+00 0.000000000000000000e+00 1.194038834450870112e-01 1.525339285785691501e-01 6.543992839527863481e-01
1.010000000000000000e+04 0.000000000000000000e+00 0.000000000000000000e+00 0.000000000000000000e+00 0.000000000000000000e+00 0.000000000000000000e+00 3.562128141720499004e-06 0.000000000000000000e+00 4.946048011625734861e-03 0.000000000000000000e+00 7.400131409130264774e-07 0.000000000000000000e+00 2.125310124288162794e-01 0.000000000000000000e+00 5.225451229567190659e-01 0.000000000000000000e+00 1.547231813520235089e-01 0.000000000000000000e+00 0.000000000000000000e+00 0.000000000000000000e+00 3.787721059412038627e-02 0.000000000000000000e+00 0.000000000000000000e+00 0.000000000000000000e+00 0.000000000000000000e+00 0.000000000000000000e+00 3.464517352121647409e-02 2.808755916206158096e-02 4.640389832134360522e-03
1.040000000000000000e+04 0.000000000000000000e+00 0.000000000000000000e+00 0.000000000000000000e+00 0.000000000000000000e+00 0.000000000000000000e+00 3.562128141720499428e-06 0.000000000000000000e+00 4.946048011625735728e-03 0.000000000000000000e+00 7.400131409130265833e-07 0.000000000000000000e+00 2.125310124288162794e-01 0.000000000000000000e+00 5.225451229567191769e-01 0.000000000000000000e+00 1.547231813520235366e-01 0.000000000000000000e+00 0.000000000000000000e+00 0.000000000000000000e+00 3.787721059412039321e-02 0.000000000000000000e+00 0.000000000000000000e+00 0.000000000000000000e+00 0.000000000000000000e+00 0.000000000000000000e+00 3.464517352121646715e-02 2.808755916206158096e-02 4.640389832134360522e-03
1.070000000000000000e+04 0.000000000000000000e+00 0.000000000000000000e+00 0.000000000000000000e+00 0.000000000000000000e+00 0.000000000000000000e+00 3.562128141720499004e-06 0.000000000000000000e+00 4.946048011625734861e-03 0.000000000000000000e+00 7.400131409130265833e-07 0.000000000000000000e+00 2.125310124288162517e-01 0.000000000000000000e+00 5.225451229567189548e-01 0.000000000000000000e+00 1.547231813520235089e-01 0.000000000000000000e+00 0.000000000000000000e+00 0.000000000000000000e+00 3.787721059412037933e-02 0.000000000000000000e+00 0.000000000000000000e+00 0.000000000000000000e+00 0.000000000000000000e+00 0.000000000000000000e+00 3.464517352121646021e-02 2.808755916206157749e-02 4.640389832134359654e-03
1.100000000000000000e+04 0.000000000000000000e+00 0.000000000000000000e+00 0.000000000000000000e+00 0.000000000000000000e+00 0.000000000000000000e+00 3.562128141720499004e-06 0.000000000000000000e+00 4.946048011625734861e-03 0.000000000000000000e+00 7.400131409130264774e-07 0.000000000000000000e+00 2.125310124288162794e-01 0.000000000000000000e+00 5.225451229567191769e-01 0.000000000000000000e+00 1.547231813520235089e-01 0.000000000000000000e+00 0.000000000000000000e+00 0.000000000000000000e+00 3.787721059412038627e-02 0.000000000000000000e+00 0.000000000000000000e+00 0.000000000000000000e+00 0.000000000000000000e+00 0.000000000000000000e+00 3.464517352121646715e-02 2.808755916206158096e-02 4.640389832134360522e-03
1.130000000000000000e+04 0.000000000000000000e+00 0.000000000000000000e+00 0.000000000000000000e+00 0.000000000000000000e+00 0.000000000000000000e+00 3.562128141720498157e-06 0.000000000000000000e+00 4.946048011625733126e-03 0.000000000000000000e+00 7.400131409130263715e-07 0.000000000000000000e+00 2.125310124288162239e-01 0.000000000000000000e+00 5.225451229567189548e-01 0.000000000000000000e+00 1.547231813520235089e-01 0.000000000000000000e+00 0.000000000000000000e+00 0.000000000000000000e+00 3.787721059412037933e-02 0.000000000000000000e+00 0.000000000000000000e+00 0.000000000000000000e+00 0.000000000000000000e+00 0.000000000000000000e+00 3.464517352121646021e-02 2.808755916206157055e-02 4.640389832134358787e-03
1.160000000000000000e+04 0.000000000000000000e+00 0.000000000000000000e+00 0.000000000000000000e+00 0.000000000000000000e+00 0.000000000000000000e+00 3.562128141720499004e-06 0.000000000000000000e+00 4.946048011625734861e-03 0.000000000000000000e+00 7.400131409130266891e-07 0.000000000000000000e+00 2.125310124288162517e-01 0.000000000000000000e+00 5.225451229567190659e-01 0.000000000000000000e+00 1.547231813520235366e-01 0.000000000000000000e+00 0.000000000000000000e+00 0.000000000000000000e+00 3.787721059412038627e-02 0.000000000000000000e+00 0.000000000000000000e+00 0.000000000000000000e+00 0.000000000000000000e+00 0.000000000000000000e+00 3.464517352121647409e-02 2.808755916206157749e-02 4.640389832134359654e-03
1.190000000000000000e+04 0.000000000000000000e+00 0.000000000000000000e+00 0.000000000000000000e+00 0.000000000000000000e+00 0.000000000000000000e+00 3.562128141720499851e-06 0.000000000000000000e+00 4.946048011625735728e-03 0.000000000000000000e+00 7.400131409130266891e-07 0.000000000000000000e+00 2.125310124288162794e-01 0.000000000000000000e+00 5.225451229567191769e-01 0.000000000000000000e+00 1.547231813520235366e-01 0.000000000000000000e+00 0.000000000000000000e+00 0.000000000000000000e+00 3.787721059412039321e-02 0.000000000000000000e+00 0.000000000000000000e+00 0.000000000000000000e+00 0.000000000000000000e+00 0.000000000000000000e+00 3.464517352121647409e-02 2.808755916206158096e-02 4.640389832134361389e-03
1.220000000000000000e+04 0.000000000000000000e+00 0.000000000000000000e+00 0.000000000000000000e+00 0.000000000000000000e+00 0.000000000000000000e+00 3.562128141720499004e-06 0.000000000000000000e+00 4.946048011625734861e-03 0.000000000000000000e+00 7.400131409130264774e-07 0.000000000000000000e+00 2.125310124288162794e-01 0.000000000000000000e+00 5.225451229567190659e-01 0.000000000000000000e+00 1.547231813520235366e-01 0.000000000000000000e+00 0.000000000000000000e+00 0.000000000000000000e+00 3.787721059412038627e-02 0.000000000000000000e+00 0.000000000000000000e+00 0.000000000000000000e+00 0.000000000000000000e+00 0.000000000000000000e+00 3.464517352121646715e-02 2.808755916206158443e-02 4.640389832134360522e-03
1.250000000000000000e+04 0.000000000000000000e+00 0.000000000000000000e+00 0.000000000000000000e+00 0.000000000000000000e+00 0.000000000000000000e+00 3.562128141720499428e-06 0.000000000000000000e+00 4.946048011625734861e-03 0.000000000000000000e+00 7.400131409130265833e-07 0.000000000000000000e+00 2.125310124288162517e-01 0.000000000000000000e+00 5.225451229567190659e-01 0.000000000000000000e+00 1.547231813520235366e-01 0.000000000000000000e+00 0.000000000000000000e+00 0.000000000000000000e+00 3.787721059412039321e-02 0.000000000000000000e+00 0.000000000000000000e+00 0.000000000000000000e+00 0.000000000000000000e+00 0.000000000000000000e+00 3.464517352121646715e-02 2.808755916206158096e-02 4.640389832134360522e-03
1.280000000000000000e+04 0.000000000000000000e+00 0.000000000000000000e+00 0.000000000000000000e+00 0.000000000000000000e+00 0.000000000000000000e+00 3.562128141720498581e-06 0.000000000000000000e+00 4.946048011625734861e-03 0.000000000000000000e+00 7.400131409130264774e-07 0.000000000000000000e+00 2.125310124288162239e-01 0.000000000000000000e+00 5.225451229567189548e-01 0.000000000000000000e+00 1.547231813520235089e-01 0.000000000000000000e+00 0.000000000000000000e+00 0.000000000000000000e+00 3.787721059412038627e-02 0.000000000000000000e+00 0.000000000000000000e+00 0.000000000000000000e+00 0.000000000000000000e+00 0.000000000000000000e+00 3.464517352121646021e-02 2.808755916206157749e-02 4.640389832134359654e-03
1.310000000000000000e+04 0.000000000000000000e+00 0.000000000000000000e+00 0.000000000000000000e+00 0.000000000000000000e+00 0.000000000000000000e+00 5.006416423191457405e-06 0.000000000000000000e+00 9.041103502450061891e-01 0.000000000000000000e+00 5.185820090134818634e-07 0.000000000000000000e+00 1.939035341286703476e-02 0.000000000000000000e+00 7.140035055874012493e-02 0.000000000000000000e+00 1.573978133384522834e-05 0.000000000000000000e+00 0.000000000000000000e+00 0.000000000000000000e+00 8.051732868859034446e-04 0.000000000000000000e+00 0.000000000000000000e+00 0.000000000000000000e+00 0.000000000000000000e+00 0.000000000000000000e+00 1.788777455898494162e-03 1.360631431992418783e-03 1.123098828843787332e-03
1.340000000000000000e+04 0.000000000000000000e+00 0.000000000000000000e+00 0.000000000000000000e+00 0.000000000000000000e+00 0.000000000000000000e+00 5.006416423191457405e-06 0.000000000000000000e+00 9.041103502450060780e-01 0.000000000000000000e+00 5.185820090134818634e-07 0.000000000000000000e+00 1.939035341286703129e-02 0.000000000000000000e+00 7.140035055874012493e-02 0.000000000000000000e+00 1.573978133384522834e-05 0.000000000000000000e+00 0.000000000000000000e+00 0.000000000000000000e+00 8.051732868859033361e-04 0.000000000000000000e+00 0.000000000000000000e+00 0.000000000000000000e+00 0.000000000000000000e+00 0.000000000000000000e+00 1.788777455898493945e-03 1.360631431992418783e-03 1.123098828843787549e-03
1.370000000000000000e+04 0.000000000000000000e+00 0.000000000000000000e+00 0.000000000000000000e+00 0.000000000000000000e+00 0.000000000000000000e+00 5.006416423191457405e-06 0.000000000000000000e+00 9.041103502450061891e-01 0.000000000000000000e+00 5.185820090134818634e-07 0.000000000000000000e+00 1.939035341286703476e-02 0.000000000000000000e+00 7.140035055874013881e-02 0.000000000000000000e+00 1.573978133384523173e-05 0.000000000000000000e+00 0.000000000000000000e+00 0.000000000000000000e+00 8.051732868859035530e-04 0.000000000000000000e+00 0.000000000000000000e+00 0.000000000000000000e+00 0.000000000000000000e+00 0.000000000000000000e+00 1.788777455898494378e-03 1.360631431992419000e-03 1.123098828843787766e-03
1.400000000000000000e+04 0.000000000000000000e+00 0.000000000000000000e+00 0.000000000000000000e+00 0.000000000000000000e+00 0.000000000000000000e+00 5.006416423191457405e-06 0.000000000000000000e+00 9.041103502450059670e-01 0.000000000000000000e+00 5.185820090134817575e-07 0.000000000000000000e+00 1.939035341286702782e-02 0.000000000000000000e+00 7.140035055874011105e-02 0.000000000000000000e+00 1.573978133384522495e-05 0.000000000000000000e+00 0.000000000000000000e+00 0.000000000000000000e+00 8.051732868859032277e-04 0.000000000000000000e+00 0.000000000000000000e+00 0.000000000000000000e+00 0.000000000000000000e+00 0.000000000000000000e+00 1.788777455898493945e-03 1.360631431992418566e-03 1.123098828843787332e-03
1.430000000000000000e+04 0.000000000000000000e+00 0.000000000000000000e+00 0.000000000000000000e+00 0.000000000000000000e+00 0.000000000000000000e+00 5.006416423191456558e-06 0.000000000000000000e+00 9.041103502450059670e-01 0.000000000000000000e+00 5.185820090134817575e-07 0.000000000000000000e+00 1.939035341286703129e-02 0.000000000000000000e+00 7.140035055874011105e-02 0.000000000000000000e+00 1.573978133384522495e-05 0.000000000000000000e+00 0.000000000000000000e+00 0.000000000000000000e+00 8.051732868859033361e-04 0.000000000000000000e+00 0.000000000000000000e+00 0.000000000000000000e+00 0.000000000000000000e+00 0.000000000000000000e+00 1.788777455898493945e-03 1.360631431992418566e-03 1.123098828843787332e-03
1.460000000000000000e+04 0.000000000000000000e+00 0.000000000000000000e+00 0.000000000000000000e+00 0.000000000000000000e+00 0.000000000000000000e+00 5.006416423191459099e-06 0.000000000000000000e+00 9.041103502450061891e-01 0.000000000000000000e+00 5.185820090134819693e-07 0.000000000000000000e+00 1.939035341286703476e-02 0.000000000000000000e+00 7.140035055874012493e-02 0.000000000000000000e+00 1.573978133384523173e-05 0.000000000000000000e+00 0.000000000000000000e+00 0.000000000000000000e+00 8.051732868859035530e-04 0.000000000000000000e+00 0.000000000000000000e+00 0.000000000000000000e+00 0.000000000000000000e+00 0.000000000000000000e+00 1.788777455898494378e-03 1.360631431992419000e-03 1.123098828843787549e-03
1.490000000000000000e+04 0.000000000000000000e+00 0.000000000000000000e+00 0.000000000000000000e+00 0.000000000000000000e+00 0.000000000000000000e+00 5.006416423191458252e-06 0.000000000000000000e+00 9.041103502450060780e-01 0.000000000000000000e+00 5.185820090134818634e-07 0.000000000000000000e+00 1.939035341286703129e-02 0.000000000000000000e+00 7.140035055874012493e-02 0.000000000000000000e+00 1.573978133384523173e-05 0.000000000000000000e+00 0.000000000000000000e+00 0.000000000000000000e+00 8.051732868859034446e-04 0.000000000000000000e+00 0.000000000000000000e+00 0.000000000000000000e+00 0.000000000000000000e+00 0.000000000000000000e+00 1.788777455898494378e-03 1.360631431992419000e-03 1.123098828843787332e-03
1.520000000000000000e+04 0.000000000000000000e+00 0.000000000000000000e+00 0.000000000000000000e+00 0.000000000000000000e+00 0.000000000000000000e+00 5.006416423191458252e-06 0.000000000000000000e+00 9.041103502450064111e-01 0.000000000000000000e+00 5.185820090134820752e-07 0.000000000000000000e+00 1.939035341286703476e-02 0.000000000000000000e+00 7.140035055874013881e-02 0.000000000000000000e+00 1.573978133384523173e-05 0.000000000000000000e+00 0.000000000000000000e+00 0.000000000000000000e+00 8.051732868859035530e-04 0.000000000000000000e+00 0.000000000000000000e+00 0.000000000000000000e+00 0.000000000000000000e+00 0.000000000000000000e+00 1.788777455898494812e-03 1.360631431992419434e-03 1.123098828843787766e-03
1.550000000000000000e+04 0.000000000000000000e+00 0.000000000000000000e+00 0.000000000000000000e+00 0.000000000000000000e+00 0.000000000000000000e+00 5.006416423191458252e-06 0.000000000000000000e+00 9.041103502450063001e-01 0.000000000000000000e+00 5.185820090134819693e-07 0.000000000000000000e+00 1.939035341286703823e-02 0.000000000000000000e+00 7.140035055874013881e-02 0.000000000000000000e+00 1.573978133384522834e-05 0.000000000000000000e+00 0.000000000000000000e+00 0.000000000000000000e+00 8.051732868859035530e-04 0.000000000000000000e+00 0.000000000000000000e+00 0.000000000000000000e+00 0.000000000000000000e+00 0.000000000000000000e+00 1.788777455898494595e-03 1.360631431992419217e-03 1.123098828843787549e-03
1.580000000000000000e+04 0.000000000000000000e+00 0.000000000000000000e+00 0.000000000000000000e+00 0.000000000000000000e+00 0.000000000000000000e+00 5.006416423191458252e-06 0.000000000000000000e+00 9.041103502450060780e-01 0.000000000000000000e+00 5.185820090134817575e-07 0.000000000000000000e+00 1.939035341286703129e-02 0.000000000000000000e+00 7.140035055874011105e-02 0.000000000000000000e+00 1.573978133384522834e-05 0.000000000000000000e+00 0.000000000000000000e+00 0.000000000000000000e+00 8.051732868859035530e-04 0.000000000000000000e+00 0.000000000000000000e+00 0.000000000000000000e+00 0.000000000000000000e+00 0.000000000000000000e+00 1.788777455898493728e-03 1.360631431992418783e-03 1.123098828843787332e-03
1.610000000000000000e+04 0.000000000000000000e+00 0.000000000000000000e+00 0.000000000000000000e+00 0.000000000000000000e+00 0.000000000000000000e+00 5.006416423191458252e-06 0.000000000000000000e+00 9.041103502450061891e-01 0.000000000000000000e+00 5.185820090134818634e-07 0.000000000000000000e+00 1.939035341286703129e-02 0.000000000000000000e+00 7.140035055874012493e-02 0.000000000000000000e+00 1.573978133384522834e-05 0.000000000000000000e+00 0.000000000000000000e+00 0.000000000000000000e+00 8.051732868859035530e-04 0.000000000000000000e+00 0.000000000000000000e+00 0.000000000000000000e+00 0.000000000000000000e+00 0.000000000000000000e+00 1.788777455898494378e-03 1.360631431992418783e-03 1.123098828843787332e-03
1.640000000000000000e+04 0.000000000000000000e+00 0.000000000000000000e+00 0.000000000000000000e+00 0.000000000000000000e+00 0.000000000000000000e+00 5.006416423191457405e-06 0.000000000000000000e+00 9.041103502450061891e-01 0.000000000000000000e+00 5.185820090134818634e-07 0.000000000000000000e+00 1.939035341286703129e-02 0.000000000000000000e+00 7.140035055874012493e-02 0.000000000000000000e+00 1.573978133384522495e-05 0.000000000000000000e+00 0.000000000000000000e+00 0.000000000000000000e+00 8.051732868859035530e-04 0.000000000000000000e+00 0.000000000000000000e+00 0.000000000000000000e+00 0.000000000000000000e+00 0.000000000000000000e+00 1.788777455898494378e-03 1.360631431992418783e-03 1.123098828843787115e-03
1.670000000000000000e+04 0.000000000000000000e+00 0.000000000000000000e+00 0.000000000000000000e+00 0.000000000000000000e+00 0.000000000000000000e+00 5.006416423191459099e-06 0.000000000000000000e+00 9.041103502450061891e-01 0.000000000000000000e+00 5.185820090134819693e-07 0.000000000000000000e+00 1.939035341286703476e-02 0.000000000000000000e+00 7.140035055874012493e-02 0.000000000000000000e+00 1.573978133384522834e-05 0.000000000000000000e+00 0.000000000000000000e+00 0.000000000000000000e+00 8.051732868859035530e-04 0.000000000000000000e+00 0.000000000000000000e+00 0.000000000000000000e+00 0.000000000000000000e+00 0.000000000000000000e+00 1.788777455898494595e-03 1.360631431992419000e-03 1.123098828843787549e-03
1.700000000000000000e+04 0.000000000000000000e+00 0.000000000000000000e+00 0.000000000000000000e+00 0.000000000000000000e+00 0.000000000000000000e+00 1.837081896417395999e-01 0.000000000000000000e+00 5.798210560645672418e-01 0.000000000000000000e+00 7.447201630470008660e-02 0.000000000000000000e+00 1.497798599644040995e-01 0.000000000000000000e+00 1.570542312238901368e-04 0.000000000000000000e+00 1.332917562470370605e-04 0.000000000000000000e+00 0.000000000000000000e+00 0.000000000000000000e+00 1.642358272111623827e-03 0.000000000000000000e+00 0.000000000000000000e+00 0.000000000000000000e+00 0.000000000000000000e+00 0.000000000000000000e+00 7.602583082586831034e-03 4.207472180995006604e-04 2.262843464320084610e-03
1.730000000000000000e+04 0.000000000000000000e+00 0.000000000000000000e+00 0.000000000000000000e+00 0.000000000000000000e+00 0.000000000000000000e+00 1.837081896417396276e-01 0.000000000000000000e+00 5.798210560645671308e-01 0.000000000000000000e+00 7.447201630470008660e-02 0.000000000000000000e+00 1.497798599644040718e-01 0.000000000000000000e+00 1.570542312238901097e-04 0.000000000000000000e+00 1.332917562470370605e-04 0.000000000000000000e+00 0.000000000000000000e+00 0.000000000000000000e+00 1.642358272111623611e-03 0.000000000000000000e+00 0.000000000000000000e+00 0.000000000000000000e+00 0.000000000000000000e+00 0.000000000000000000e+00 7.602583082586830167e-03 4.207472180995006062e-04 2.262843464320084610e-03
1.760000000000000000e+04 0.000000000000000000e+00 0.000000000000000000e+00 0.000000000000000000e+00 0.000000000000000000e+00 0.000000000000000000e+00 1.837081896417396554e-01 0.000000000000000000e+00 5.798210560645672418e-01 0.000000000000000000e+00 7.447201630470010048e-02 0.000000000000000000e+00 1.497798599644041273e-01 0.000000000000000000e+00 1.570542312238901639e-04 0.000000000000000000e+00 1.332917562470370876e-04 0.000000000000000000e+00 0.000000000000000000e+00 0.000000000000000000e+00 1.642358272111624044e-03 0.000000000000000000e+00 0.000000000000000000e+00 0.000000000000000000e+00 0.000000000000000000e+00 0.000000000000000000e+00 7.602583082586831902e-03 4.207472180995007146e-04 2.262843464320085044e-03
1.790000000000000000e+04 0.000000000000000000e+00 0.000000000000000000e+00 0.000000000000000000e+00 0.000000000000000000e+00 0.000000000000000000e+00 1.837081896417396276e-01 0.000000000000000000e+00 5.798210560645672418e-01 0.000000000000000000e+00 7.447201630470008660e-02 0.000000000000000000e+00 1.497798599644041273e-01 0.000000000000000000e+00 1.570542312238901368e-04 0.000000000000000000e+00 1.332917562470370876e-04 0.000000000000000000e+00 0.000000000000000000e+00 0.000000000000000000e+00 1.642358272111624044e-03 0.000000000000000000e+00 0.000000000000000000e+00 0.000000000000000000e+00 0.000000000000000000e+00 0.000000000000000000e+00 7.602583082586831902e-03 4.207472180995007688e-04 2.262843464320084610e-03
1.820000000000000000e+04 0.000000000000000000e+00 0.000000000000000000e+00 0.000000000000000000e+00 0.000000000000000000e+00 0.000000000000000000e+00 1.837081896417396554e-01 0.000000000000000000e+00 5.798210560645672418e-01 0.000000000000000000e+00 7.447201630470010048e-02 0.000000000000000000e+00 1.497798599644040718e-01 0.000000000000000000e+00 1.570542312238901639e-04 0.000000000000000000e+00 1.332917562470370876e-04 0.000000000000000000e+00 0.000000000000000000e+00 0.000000000000000000e+00 1.642358272111624261e-03 0.000000000000000000e+00 0.000000000000000000e+00 0.000000000000000000e+00 0.000000000000000000e+00 0.000000000000000000e+00 7.602583082586831902e-03 4.207472180995007688e-04 2.262843464320085478e-03
1.850000000000000000e+04 0.000000000000000000e+00 0.000000000000000000e+00 0.000000000000000000e+00 0.000000000000000000e+00 0.000000000000000000e+00 1.837081896417396831e-01 0.000000000000000000e+00 5.798210560645673528e-01 0.000000000000000000e+00 7.447201630470011435e-02 0.000000000000000000e+00 1.497798599644041273e-01 0.000000000000000000e+00 1.570542312238901639e-04 0.000000000000000000e+00 1.332917562470371418e-04 0.000000000000000000e+00 0.000000000000000000e+00 0.000000000000000000e+00 1.642358272111624478e-03 0.000000000000000000e+00 0.000000000000000000e+00 0.000000000000000000e+00 0.000000000000000000e+00 0.000000000000000000e+00 7.602583082586832769e-03 4.207472180995008230e-04 2.262843464320085912e-03
1.880000000000000000e+04 0.000000000000000000e+00 0.000000000000000000e+00 0.000000000000000000e+00 0.000000000000000000e+00 0.000000000000000000e+00 1.837081896417396276e-01 0.000000000000000000e+00 5.798210560645672418e-01 0.000000000000000000e+00 7.447201630470007272e-02 0.000000000000000000e+00 1.497798599644040995e-01 0.000000000000000000e+00 1.570542312238901097e-04 0.000000000000000000e+00 1.332917562470370605e-04 0.000000000000000000e+00 0.000000000000000000e+00 0.000000000000000000e+00 1.642358272111623827e-03 0.000000000000000000e+00 0.000000000000000000e+00 0.000000000000000000e+00 0.000000000000000000e+00 0.000000000000000000e+00 7.602583082586830167e-03 4.207472180995006062e-04 2.262843464320084610e-03
1.910000000000000000e+04 0.000000000000000000e+00 0.000000000000000000e+00 0.000000000000000000e+00 0.000000000000000000e+00 0.000000000000000000e+00 1.837081896417396276e-01 0.000000000000000000e+00 5.798210560645671308e-01 0.000000000000000000e+00 7.447201630470007272e-02 0.000000000000000000e+00 1.497798599644040718e-01 0.000000000000000000e+00 1.570542312238901097e-04 0.000000000000000000e+00 1.332917562470370605e-04 0.000000000000000000e+00 0.000000000000000000e+00 0.000000000000000000e+00 1.642358272111623827e-03 0.000000000000000000e+00 0.000000000000000000e+00 0.000000000000000000e+00 0.000000000000000000e+00 0.000000000000000000e+00 7.602583082586829299e-03 4.207472180995006604e-04 2.262843464320084610e-03
1.940000000000000000e+04 0.000000000000000000e+00 0.000000000000000000e+00 0.000000000000000000e+00 0.000000000000000000e+00 0.000000000000000000e+00 1.837081896417396276e-01 0.000000000000000000e+00 5.798210560645672418e-01 0.000000000000000000e+00 7.447201630470008660e-02 0.000000000000000000e+00 1.497798599644040995e-01 0.000000000000000000e+00 1.570542312238901368e-04 0.000000000000000000e+00 1.332917562470370605e-04 0.000000000000000000e+00 0.000000000000000000e+00 0.000000000000000000e+00 1.642358272111624261e-03 0.000000000000000000e+00 0.000000000000000000e+00 0.000000000000000000e+00 0.000000000000000000e+00 0.000000000000000000e+00 7.602583082586831034e-03 4.207472180995007146e-04 2.262843464320085044e-03
1.970000000000000000e+04 0.000000000000000000e+00 0.000000000000000000e+00 0.000000000000000000e+00 0.000000000000000000e+00 0.000000000000000000e+00 1.837081896417396831e-01 0.000000000000000000e+00 5.798210560645672418e-01 0.000000000000000000e+00 7.447201630470008660e-02 0.000000000000000000e+00 1.497798599644041273e-01 0.000000000000000000e+00 1.570542312238901639e-04 0.000000000000000000e+00 1.332917562470370876e-04 0.000000000000000000e+00 0.000000000000000000e+00 0.000000000000000000e+00 1.642358272111624261e-03 0.000000000000000000e+00 0.000000000000000000e+00 0.000000000000000000e+00 0.000000000000000000e+00 0.000000000000000000e+00 7.602583082586831902e-03 4.207472180995007146e-04 2.262843464320085044e-03
