3.500000000000000000e+03 0.000000000000000000e+00 0.000000000000000000e+00 0.000000000000000000e+00 0.000000000000000000e+00 0.000000000000000000e+00 1.186612422579643954e-05 0.000000000000000000e+00 2.050300019527087972e-02 0.000000000000000000e+00 2.719547422078225864e-06 0.000000000000000000e+00 2.638533313178860321e-04 0.000000000000000000e+00 6.495686677852550994e-02 0.000000000000000000e+00 2.012278015402380754e-04 0.000000000000000000e+00 0.000000000000000000e+00 0.000000000000000000e+00 2.884886319076702954e-02 0.000000000000000000e+00 0.000000000000000000e+00 0.000000000000000000e+00 0.000000000000000000e+00 0.000000000000000000e+00 3.590444241348217380e-01 2.293461336984464749e-01 2.968210451976623920e-01
3.800000000000000000e+03 0.000000000000000000e+00 0.000000000000000000e+00 0.000000000000000000e+00 0.000000000000000000e+00 0.000000000000000000e+00 1.186612422579643954e-05 0.000000000000000000e+00 2.050300019527087972e-02 0.000000000000000000e+00 2.719547422078225864e-06 0.000000000000000000e+00 2.638533313178860321e-04 0.000000000000000000e+00 6.495686677852552382e-02 0.000000000000000000e+00 2.012278015402380754e-04 0.000000000000000000e+00 0.000000000000000000e+00 0.000000000000000000e+00 2.884886319076703648e-02 0.000000000000000000e+00 0.000000000000000000e+00 0.000000000000000000e+00 0.000000000000000000e+00 0.000000000000000000e+00 3.590444241348217935e-01 2.293461336984464749e-01 2.968210451976623920e-01
4.100000000000000000e+03 0.000000000000000000e+00 0.000000000000000000e+00 0.000000000000000000e+00 0.000000000000000000e+00 0.000000000000000000e+00 1.186612422579643785e-05 0.000000000000000000e+00 2.050300019527087972e-02 0.000000000000000000e+00 2.719547422078226287e-06 0.000000000000000000e+00 2.638533313178859779e-04 0.000000000000000000e+00 6.495686677852550994e-02 0.000000000000000000e+00 2.012278015402380483e-04 0.000000000000000000e+00 0.000000000000000000e+00 0.000000000000000000e+00 2.884886319076703648e-02 0.000000000000000000e+00 0.000000000000000000e+00 0.000000000000000000e+00 0.000000000000000000e+00 0.000000000000000000e+00 3.590444241348217380e-01 2.293461336984464749e-01 2.968210451976623365e-01
4.400000000000000000e+03 0.000000000000000000e+00 0.000000000000000000e+00 0.000000000000000000e+00 0.000000000000000000e+00 0.000000000000000000e+00 1.186612422579643954e-05 0.000000000000000000e+00 2.050300019527087972e-02 0.000000000000000000e+00 2.719547422078226287e-06 0.000000000000000000e+00 2.638533313178859779e-04 0.000000000000000000e+00 6.495686677852550994e-02 0.000000000000000000e+00 2.012278015402380754e-04 0.000000000000000000e+00 0.000000000000000000e+00 0.000000000000000000e+00 2.884886319076703648e-02 0.000000000000000000e+00 0.000000000000000000e+00 0.000000000000000000e+00 0.000000000000000000e+00 0.000000000000000000e+00 3.590444241348217935e-01 2.293461336984464749e-01 2.968210451976623920e-01
4.700000000000000000e+03 0.000000000000000000e+00 0.000000000000000000e+00 0.000000000000000000e+00 0.000000000000000000e+00 0.000000000000000000e+00 1.186612422579643616e-05 0.000000000000000000e+00 2.050300019527087625e-02 0.000000000000000000e+00 2.719547422078225440e-06 0.000000000000000000e+00 2.638533313178859779e-04 0.000000000000000000e+00 6.495686677852550994e-02 0.000000000000000000e+00 2.012278015402380483e-04 0.000000000000000000e+00 0.000000000000000000e+00 0.000000000000000000e+00 2.884886319076703301e-02 0.000000000000000000e+00 0.000000000000000000e+00 0.000000000000000000e+00 0.000000000000000000e+00 0.000000000000000000e+00 3.590444241348217380e-01 2.293461336984464194e-01 2.968210451976623365e-01
5.000000000000000000e+03 0.000000000000000000e+00 0.000000000000000000e+00 0.000000000000000000e+00 0.000000000000000000e+00 0.000000000000000000e+00 1.186612422579643785e-05 0.000000000000000000e+00 2.050300019527087625e-02 0.000000000000000000e+00 2.719547422078225864e-06 0.000000000000000000e+00 2.638533313178859779e-04 0.000000000000000000e+00 6.495686677852549606e-02 0.000000000000000000e+00 2.012278015402380483e-04 0.000000000000000000e+00 0.000000000000000000e+00 0.000000000000000000e+00 2.884886319076702954e-02 0.000000000000000000e+00 0.000000000000000000e+00 0.000000000000000000e+00 0.000000000000000000e+00 0.000000000000000000e+00 3.590444241348217380e-01 2.293461336984464194e-01 2.968210451976623920e-01
5.300000000000000000e+03 0.000000000000000000e+00 0.000000000000000000e+00 0.000000000000000000e+00 0.000000000000000000e+00 0.000000000000000000e+00 1.186612422579643785e-05 0.000000000000000000e+00 2.050300019527087625e-02 0.000000000000000000e+00 2.719547422078226711e-06 0.000000000000000000e+00 2.638533313178859779e-04 0.000000000000000000e+00 6.495686677852549606e-02 0.000000000000000000e+00 2.012278015402380483e-04 0.000000000000000000e+00 0.000000000000000000e+00 0.000000000000000000e+00 2.884886319076703301e-02 0.000000000000000000e+00 0.000000000000000000e+00 0.000000000000000000e+00 0.000000000000000000e+00 0.000000000000000000e+00 3.590444241348217935e-01 2.293461336984464194e-01 2.968210451976623920e-01
5.600000000000000000e+03 0.000000000000000000e+00 0.000000000000000000e+00 0.000000000000000000e+00 0.000000000000000000e+00 0.000000000000000000e+00 1.186612422579643954e-05 0.000000000000000000e+00 2.050300019527087972e-02 0.000000000000000000e+00 2.719547422078225864e-06 0.000000000000000000e+00 2.638533313178859779e-04 0.000000000000000000e+00 6.495686677852552382e-02 0.000000000000000000e+00 2.012278015402380754e-04 0.000000000000000000e+00 0.000000000000000000e+00 0.000000000000000000e+00 2.884886319076702954e-02 0.000000000000000000e+00 0.000000000000000000e+00 0.000000000000000000e+00 0.000000000000000000e+00 0.000000000000000000e+00 3.590444241348217935e-01 2.293461336984464749e-01 2.968210451976623365e-01
5.900000000000000000e+03 0.000000000000000000e+00 0.000000000000000000e+00 0.000000000000000000e+00 0.000000000000000000e+00 0.000000000000000000e+00 1.186612422579643616e-05 0.000000000000000000e+00 2.050300019527087625e-02 0.000000000000000000e+00 2.719547422078225864e-06 0.000000000000000000e+00 2.638533313178859779e-04 0.000000000000000000e+00 6.495686677852550994e-02 0.000000000000000000e+00 2.012278015402380483e-04 0.000000000000000000e+00 0.000000000000000000e+00 0.000000000000000000e+00 2.884886319076702607e-02 0.000000000000000000e+00 0.000000000000000000e+00 0.000000000000000000e+00 0.000000000000000000e+00 0.000000000000000000e+00 3.590444241348217380e-01 2.293461336984464471e-01 2.968210451976623365e-01
6.200000000000000000e+03 0.000000000000000000e+00 0.000000000000000000e+00 0.000000000000000000e+00 0.000000000000000000e+00 0.000000000000000000e+00 1.186612422579643446e-05 0.000000000000000000e+00 2.050300019527087278e-02 0.000000000000000000e+00 2.719547422078225440e-06 0.000000000000000000e+00 2.638533313178859779e-04 0.000000000000000000e+00 6.495686677852549606e-02 0.000000000000000000e+00 2.012278015402380483e-04 0.000000000000000000e+00 0.000000000000000000e+00 0.000000000000000000e+00 2.884886319076702954e-02 0.000000000000000000e+00 0.000000000000000000e+00 0.000000000000000000e+00 0.000000000000000000e+00 0.000000000000000000e+00 3.590444241348217380e-01 2.293461336984464194e-01 2.968210451976623365e-01
6.500000000000000000e+03 0.000000000000000000e+00 0.000000000000000000e+00 0.000000000000000000e+00 0.000000000000000000e+00 0.000000000000000000e+00 1.186612422579643616e-05 0.000000000000000000e+00 2.050300019527087625e-02 0.000000000000000000e+00 2.719547422078225864e-06 0.000000000000000000e+00 2.638533313178859779e-04 0.000000000000000000e+00 6.495686677852550994e-02 0.000000000000000000e+00 2.012278015402380754e-04 0.000000000000000000e+00 0.000000000000000000e+00 0.000000000000000000e+00 2.884886319076703301e-02 0.000000000000000000e+00 0.000000000000000000e+00 0.000000000000000000e+00 0.000000000000000000e+00 0.000000000000000000e+00 3.590444241348217380e-01 2.293461336984465027e-01 2.968210451976623920e-01
6.800000000000000000e+03 0.000000000000000000e+00 0.000000000000000000e+00 0.000000000000000000e+00 0.000000000000000000e+00 0.000000000000000000e+00 1.186612422579643785e-05 0.000000000000000000e+00 2.050300019527087625e-02 0.000000000000000000e+00 2.719547422078225864e-06 0.000000000000000000e+00 2.638533313178859237e-04 0.000000000000000000e+00 6.495686677852552382e-02 0.000000000000000000e+00 2.012278015402380754e-04 0.000000000000000000e+00 0.000000000000000000e+00 0.000000000000000000e+00 2.884886319076703301e-02 0.000000000000000000e+00 0.000000000000000000e+00 0.000000000000000000e+00 0.000000000000000000e+00 0.000000000000000000e+00 3.590444241348217380e-01 2.293461336984464471e-01 2.968210451976623365e-01
7.100000000000000000e+03 0.000000000000000000e+00 0.000000000000000000e+00 0.000000000000000000e+00 0.000000000000000000e+00 0.000000000000000000e+00 9.946936324764510395e-06 0.000000000000000000e+00 2.230183466412965707e-02 0.000000000000000000e+00 3.023520550370050213e-06 0.000000000000000000e+00 5.543854982599281424e-03 0.000000000000000000e+00 1.074046872473226749e-01 0.000000000000000000e+00 1.510673510392556915e-03 0.000000000000000000e+00 0.000000000000000000e+00 0.000000000000000000e+00 4.131945111667544024e-02 0.000000000000000000e+00 0.000000000000000000e+00 0.000000000000000000e+00 0.000000000000000000e+00 0.000000000000000000e+00 1.840638112083415878e-01 2.113257141342603229e-01 4.265170026794032343e-01
7.400000000000000000e+03 0.000000000000000000e+00 0.000000000000000000e+00 0.000000000000000000e+00 0.000000000000000000e+00 0.000000000000000000e+00 9.946936324764512089e-06 0.000000000000000000e+00 2.230183466412965707e-02 0.000000000000000000e+00 3.023520550370050213e-06 0.000000000000000000e+00 5.543854982599281424e-03 0.000000000000000000e+00 1.074046872473226749e-01 0.000000000000000000e+00 1.510673510392556915e-03 0.000000000000000000e+00 0.000000000000000000e+00 0.000000000000000000e+00 4.131945111667544718e-02 0.000000000000000000e+00 0.000000000000000000e+00 0.000000000000000000e+00 0.000000000000000000e+00 0.000000000000000000e+00 1.840638112083415878e-01 2.113257141342603229e-01 4.265170026794032898e-01
7.700000000000000000e+03 0.000000000000000000e+00 0.000000000000000000e+00 0.000000000000000000e+00 0.000000000000000000e+00 0.000000000000000000e+00 9.946936324764513784e-06 0.000000000000000000e+00 2.230183466412966053e-02 0.000000000000000000e+00 3.023520550370050213e-06 0.000000000000000000e+00 5.543854982599281424e-03 0.000000000000000000e+00 1.074046872473226888e-01 0.000000000000000000e+00 1.510673510392556915e-03 0.000000000000000000e+00 0.000000000000000000e+00 0.000000000000000000e+00 4.131945111667546106e-02 0.000000000000000000e+00 0.000000000000000000e+00 0.000000000000000000e+00 0.000000000000000000e+00 0.000000000000000000e+00 1.840638112083416156e-01 2.113257141342603229e-01 4.265170026794032898e-01
8.000000000000000000e+03 0.000000000000000000e+00 0.000000000000000000e+00 0.000000000000000000e+00 0.000000000000000000e+00 0.000000000000000000e+00 9.946936324764512089e-06 0.000000000000000000e+00 2.230183466412966053e-02 0.000000000000000000e+00 3.023520550370051061e-06 0.000000000000000000e+00 5.543854982599281424e-03 0.000000000000000000e+00 1.074046872473227027e-01 0.000000000000000000e+00 1.510673510392557132e-03 0.000000000000000000e+00 0.000000000000000000e+00 0.000000000000000000e+00 4.131945111667545412e-02 0.000000000000000000e+00 0.000000000000000000e+00 0.000000000000000000e+00 0.000000000000000000e+00 0.000000000000000000e+00 1.840638112083416156e-01 2.113257141342603507e-01 4.265170026794033453e-01
8.300000000000000000e+03 0.000000000000000000e+00 0.000000000000000000e+00 0.000000000000000000e+00 0.000000000000000000e+00 0.000000000000000000e+00 9.946936324764512089e-06 0.000000000000000000e+00 2.230183466412965707e-02 0.000000000000000000e+00 3.023520550370050213e-06 0.000000000000000000e+00 5.543854982599281424e-03 0.000000000000000000e+00 1.074046872473226610e-01 0.000000000000000000e+00 1.510673510392557132e-03 0.000000000000000000e+00 0.000000000000000000e+00 0.000000000000000000e+00 4.131945111667544718e-02 0.000000000000000000e+00 0.000000000000000000e+00 0.000000000000000000e+00 0.000000000000000000e+00 0.000000000000000000e+00 1.840638112083415878e-01 2.113257141342603229e-01 4.265170026794033453e-01
8.600000000000000000e+03 0.000000000000000000e+00 0.000000000000000000e+00 0.000000000000000000e+00 0.000000000000000000e+00 0.000000000000000000e+00 9.946936324764512089e-06 0.000000000000000000e+00 2.230183466412966053e-02 0.000000000000000000e+00 3.023520550370049790e-06 0.000000000000000000e+00 5.543854982599282291e-03 0.000000000000000000e+00 1.074046872473226888e-01 0.000000000000000000e+00 1.510673510392556915e-03 0.000000000000000000e+00 0.000000000000000000e+00 0.000000000000000000e+00 4.131945111667545412e-02 0.000000000000000000e+00 0.000000000000000000e+00 0.000000000000000000e+00 0.000000000000000000e+00 0.000000000000000000e+00 1.840638112083416156e-01 2.113257141342603507e-01 4.265170026794032898e-01
8.900000000000000000e+03 0.000000000000000000e+00 0.000000000000000000e+00 0.000000000000000000e+00 0.000000000000000000e+00 0.000000000000000000e+00 9.946936324764512089e-06 0.000000000000000000e+00 2.230183466412966053e-02 0.000000000000000000e+00 3.023520550370050637e-06 0.000000000000000000e+00 5.543854982599283159e-03 0.000000000000000000e+00 1.074046872473226749e-01 0.000000000000000000e+00 1.510673510392557132e-03 0.000000000000000000e+00 0.000000000000000000e+00 0.000000000000000000e+00 4.131945111667545412e-02 0.000000000000000000e+00 0.000000000000000000e+00 0.000000000000000000e+00 0.000000000000000000e+00 0.000000000000000000e+00 1.840638112083416156e-01 2.113257141342603507e-01 4.265170026794033453e-01
9.200000000000000000e+03 0.000000000000000000e+00 0.000000000000000000e+00 0.000000000000000000e+00 0.000000000000000000e+00 0.000000000000000000e+00 9.946936324764512089e-06 0.000000000000000000e+00 2.230183466412966053e-02 0.000000000000000000e+00 3.023520550370049790e-06 0.000000000000000000e+00 5.543854982599281424e-03 0.000000000000000000e+00 1.074046872473226888e-01 0.000000000000000000e+00 1.510673510392556915e-03 0.000000000000000000e+00 0.000000000000000000e+00 0.000000000000000000e+00 4.131945111667544024e-02 0.000000000000000000e+00 0.000000000000000000e+00 0.000000000000000000e+00 0.000000000000000000e+00 0.000000000000000000e+00 1.840638112083415601e-01 2.113257141342602952e-01 4.265170026794032898e-01
9.500000000000000000e+03 0.000000000000000000e+00 0.000000000000000000e+00 0.000000000000000000e+00 0.000000000000000000e+00 0.000000000000000000e+00 9.946936324764512089e-06 0.000000000000000000e+00 2.230183466412966053e-02 0.000000000000000000e+00 3.023520550370050213e-06 0.000000000000000000e+00 5.543854982599282291e-03 0.000000000000000000e+00 1.074046872473226749e-01 0.000000000000000000e+00 1.510673510392556915e-03 0.000000000000000000e+00 0.000000000000000000e+00 0.000000000000000000e+00 4.131945111667544718e-02 0.000000000000000000e+00 0.000000000000000000e+00 0.000000000000000000e+00 0.000000000000000000e+00 0.000000000000000000e+00 1.840638112083415878e-01 2.113257141342603229e-01 4.265170026794033453e-01
9.800000000000000000e+03 0.000000000000000000e+00 0.000000000000000000e+00 0.000000000000000000e+00 0.000000000000000000e+00 0.000000000000000000e+00 9.946936324764512089e-06 0.000000000000000000e+00 2.230183466412966053e-02 0.000000000000000000e+00 3.023520550370049790e-06 0.000000000000000000e+00 5.543854982599281424e-03 0.000000000000000000e+00 1.074046872473226888e-01 0.000000000000000000e+00 1.510673510392556915e-03 0.000000000000000000e+00 0.000000000000000000e+00 0.000000000000000000e+00 4.131945111667544718e-02 0.000000000000000000e+00 0.000000000000000000e+00 0.000000000000000000e+00 0.000000000000000000e+00 0.000000000000000000e+00 1.840638112083415878e-01 2.113257141342603784e-01 4.265170026794033453e-01
1.010000000000000000e+04 0.000000000000000000e+00 0.000000000000000000e+00 0.000000000000000000e+00 0.000000000000000000e+00 0.000000000000000000e+00 3.553794840512564295e-06 0.000000000000000000e+00 5.121746517894668928e-03 0.000000000000000000e+00 7.475275361836383109e-07 0.000000000000000000e+00 1.951958935351198188e-01 0.000000000000000000e+00 5.333858071396537781e-01 0.000000000000000000e+00 1.393604867213789067e-01 0.000000000000000000e+00 0.000000000000000000e+00 0.000000000000000000e+00 5.066943496582165113e-02 0.000000000000000000e+00 0.000000000000000000e+00 0.000000000000000000e+00 0.000000000000000000e+00 0.000000000000000000e+00 2.992657455155322416e-02 4.320516223594454003e-02 3.130593010256631139e-03
1.040000000000000000e+04 0.000000000000000000e+00 0.000000000000000000e+00 0.000000000000000000e+00 0.000000000000000000e+00 0.000000000000000000e+00 3.553794840512564295e-06 0.000000000000000000e+00 5.121746517894668928e-03 0.000000000000000000e+00 7.475275361836383109e-07 0.000000000000000000e+00 1.951958935351198465e-01 0.000000000000000000e+00 5.333858071396537781e-01 0.000000000000000000e+00 1.393604867213789344e-01 0.000000000000000000e+00 0.000000000000000000e+00 0.000000000000000000e+00 5.066943496582165113e-02 0.000000000000000000e+00 0.000000000000000000e+00 0.000000000000000000e+00 0.000000000000000000e+00 0.000000000000000000e+00 2.992657455155322416e-02 4.320516223594454697e-02 3.130593010256630272e-03
1.070000000000000000e+04 0.000000000000000000e+00 0.000000000000000000e+00 0.000000000000000000e+00 0.000000000000000000e+00 0.000000000000000000e+00 3.553794840512565142e-06 0.000000000000000000e+00 5.121746517894669795e-03 0.000000000000000000e+00 7.475275361836384167e-07 0.000000000000000000e+00 1.951958935351198743e-01 0.000000000000000000e+00 5.333858071396537781e-01 0.000000000000000000e+00 1.393604867213789344e-01 0.000000000000000000e+00 0.000000000000000000e+00 0.000000000000000000e+00 5.066943496582165807e-02 0.000000000000000000e+00 0.000000000000000000e+00 0.000000000000000000e+00 0.000000000000000000e+00 0.000000000000000000e+00 2.992657455155322416e-02 4.320516223594455391e-02 3.130593010256631573e-03
1.100000000000000000e+04 0.000000000000000000e+00 0.000000000000000000e+00 0.000000000000000000e+00 0.000000000000000000e+00 0.000000000000000000e+00 3.553794840512564295e-06 0.000000000000000000e+00 5.121746517894668928e-03 0.000000000000000000e+00 7.475275361836382050e-07 0.000000000000000000e+00 1.951958935351198743e-01 0.000000000000000000e+00 5.333858071396538891e-01 0.000000000000000000e+00 1.393604867213789344e-01 0.000000000000000000e+00 0.000000000000000000e+00 0.000000000000000000e+00 5.066943496582165113e-02 0.000000000000000000e+00 0.000000000000000000e+00 0.000000000000000000e+00 0.000000000000000000e+00 0.000000000000000000e+00 2.992657455155322416e-02 4.320516223594455391e-02 3.130593010256631139e-03
1.130000000000000000e+04 0.000000000000000000e+00 0.000000000000000000e+00 0.000000000000000000e+00 0.000000000000000000e+00 0.000000000000000000e+00 3.553794840512564295e-06 0.000000000000000000e+00 5.121746517894668928e-03 0.000000000000000000e+00 7.475275361836382050e-07 0.000000000000000000e+00 1.951958935351199020e-01 0.000000000000000000e+00 5.333858071396537781e-01 0.000000000000000000e+00 1.393604867213789344e-01 0.000000000000000000e+00 0.000000000000000000e+00 0.000000000000000000e+00 5.066943496582164419e-02 0.000000000000000000e+00 0.000000000000000000e+00 0.000000000000000000e+00 0.000000000000000000e+00 0.000000000000000000e+00 2.992657455155322763e-02 4.320516223594454697e-02 3.130593010256630272e-03
1.160000000000000000e+04 0.000000000000000000e+00 0.000000000000000000e+00 0.000000000000000000e+00 0.000000000000000000e+00 0.000000000000000000e+00 3.553794840512565566e-06 0.000000000000000000e+00 5.121746517894669795e-03 0.000000000000000000e+00 7.475275361836384167e-07 0.000000000000000000e+00 1.951958935351198743e-01 0.000000000000000000e+00 5.333858071396537781e-01 0.000000000000000000e+00 1.393604867213789344e-01 0.000000000000000000e+00 0.000000000000000000e+00 0.000000000000000000e+00 5.066943496582166501e-02 0.000000000000000000e+00 0.000000000000000000e+00 0.000000000000000000e+00 0.000000000000000000e+00 0.000000000000000000e+00 2.992657455155322763e-02 4.320516223594455391e-02 3.130593010256631573e-03
1.190000000000000000e+04 0.000000000000000000e+00 0.000000000000000000e+00 0.000000000000000000e+00 0.000000000000000000e+00 0.000000000000000000e+00 3.553794840512563871e-06 0.000000000000000000e+00 5.121746517894668928e-03 0.000000000000000000e+00 7.475275361836382050e-07 0.000000000000000000e+00 1.951958935351198465e-01 0.000000000000000000e+00 5.333858071396537781e-01 0.000000000000000000e+00 1.393604867213789344e-01 0.000000000000000000e+00 0.000000000000000000e+00 0.000000000000000000e+00 5.066943496582165113e-02 0.000000000000000000e+00 0.000000000000000000e+00 0.000000000000000000e+00 0.000000000000000000e+00 0.000000000000000000e+00 2.992657455155322069e-02 4.320516223594454697e-02 3.130593010256630705e-03
1.220000000000000000e+04 0.000000000000000000e+00 0.000000000000000000e+00 0.000000000000000000e+00 0.000000000000000000e+00 0.000000000000000000e+00 3.553794840512564718e-06 0.000000000000000000e+00 5.121746517894668928e-03 0.000000000000000000e+00 7.475275361836384167e-07 0.000000000000000000e+00 1.951958935351198743e-01 0.000000000000000000e+00 5.333858071396537781e-01 0.000000000000000000e+00 1.393604867213789067e-01 0.000000000000000000e+00 0.000000000000000000e+00 0.000000000000000000e+00 5.066943496582165807e-02 0.000000000000000000e+00 0.000000000000000000e+00 0.000000000000000000e+00 0.000000000000000000e+00 0.000000000000000000e+00 2.992657455155322416e-02 4.320516223594454003e-02 3.130593010256631139e-03
1.250000000000000000e+04 0.000000000000000000e+00 0.000000000000000000e+00 0.000000000000000000e+00 0.000000000000000000e+00 0.000000000000000000e+00 3.553794840512565566e-06 0.000000000000000000e+00 5.121746517894669795e-03 0.000000000000000000e+00 7.475275361836386285e-07 0.000000000000000000e+00 1.951958935351199020e-01 0.000000000000000000e+00 5.333858071396537781e-01 0.000000000000000000e+00 1.393604867213789622e-01 0.000000000000000000e+00 0.000000000000000000e+00 0.000000000000000000e+00 5.066943496582167195e-02 0.000000000000000000e+00 0.000000000000000000e+00 0.000000000000000000e+00 0.000000000000000000e+00 0.000000000000000000e+00 2.992657455155323110e-02 4.320516223594454697e-02 3.130593010256632006e-03
1.280000000000000000e+04 0.000000000000000000e+00 0.000000000000000000e+00 0.000000000000000000e+00 0.000000000000000000e+00 0.000000000000000000e+00 3.553794840512564295e-06 0.000000000000000000e+00 5.121746517894668060e-03 0.000000000000000000e+00 7.475275361836382050e-07 0.000000000000000000e+00 1.951958935351198188e-01 0.000000000000000000e+00 5.333858071396536671e-01 0.000000000000000000e+00 1.393604867213788789e-01 0.000000000000000000e+00 0.000000000000000000e+00 0.000000000000000000e+00 5.066943496582163725e-02 0.000000000000000000e+00 0.000000000000000000e+00 0.000000000000000000e+00 0.000000000000000000e+00 0.000000000000000000e+00 2.992657455155321722e-02 4.320516223594453309e-02 3.130593010256630272e-03
1.310000000000000000e+04 0.000000000000000000e+00 0.000000000000000000e+00 0.000000000000000000e+00 0.000000000000000000e+00 0.000000000000000000e+00 5.312186619158627666e-06 0.000000000000000000e+00 9.151121081234505628e-01 0.000000000000000000e+00 5.573469483388424986e-07 0.000000000000000000e+00 1.447167769501399304e-02 0.000000000000000000e+00 6.337987241554209061e-02 0.000000000000000000e+00 1.603520129993232489e-05 0.000000000000000000e+00 0.000000000000000000e+00 0.000000000000000000e+00 1.039091683664962983e-03 0.000000000000000000e+00 0.000000000000000000e+00 0.000000000000000000e+00 0.000000000000000000e+00 0.000000000000000000e+00 2.506719754967227758e-03 2.563625403237579543e-03 9.050001892562644029e-04
1.340000000000000000e+04 0.000000000000000000e+00 0.000000000000000000e+00 0.000000000000000000e+00 0.000000000000000000e+00 0.000000000000000000e+00 5.312186619158626819e-06 0.000000000000000000e+00 9.151121081234503407e-01 0.000000000000000000e+00 5.573469483388423927e-07 0.000000000000000000e+00 1.447167769501399304e-02 0.000000000000000000e+00 6.337987241554209061e-02 0.000000000000000000e+00 1.603520129993231812e-05 0.000000000000000000e+00 0.000000000000000000e+00 0.000000000000000000e+00 1.039091683664962983e-03 0.000000000000000000e+00 0.000000000000000000e+00 0.000000000000000000e+00 0.000000000000000000e+00 0.000000000000000000e+00 2.506719754967227758e-03 2.563625403237579543e-03 9.050001892562642945e-04
1.370000000000000000e+04 0.000000000000000000e+00 0.000000000000000000e+00 0.000000000000000000e+00 0.000000000000000000e+00 0.000000000000000000e+00 5.312186619158628513e-06 0.000000000000000000e+00 9.151121081234505628e-01 0.000000000000000000e+00 5.573469483388426045e-07 0.000000000000000000e+00 1.447167769501399651e-02 0.000000000000000000e+00 6.337987241554209061e-02 0.000000000000000000e+00 1.603520129993232489e-05 0.000000000000000000e+00 0.000000000000000000e+00 0.000000000000000000e+00 1.039091683664963199e-03 0.000000000000000000e+00 0.000000000000000000e+00 0.000000000000000000e+00 0.000000000000000000e+00 0.000000000000000000e+00 2.506719754967228191e-03 2.563625403237579543e-03 9.050001892562645114e-04
1.400000000000000000e+04 0.000000000000000000e+00 0.000000000000000000e+00 0.000000000000000000e+00 0.000000000000000000e+00 0.000000000000000000e+00 5.312186619158626819e-06 0.000000000000000000e+00 9.151121081234502297e-01 0.000000000000000000e+00 5.573469483388423927e-07 0.000000000000000000e+00 1.447167769501399304e-02 0.000000000000000000e+00 6.337987241554207674e-02 0.000000000000000000e+00 1.603520129993231812e-05 0.000000000000000000e+00 0.000000000000000000e+00 0.000000000000000000e+00 1.039091683664962766e-03 0.000000000000000000e+00 0.000000000000000000e+00 0.000000000000000000e+00 0.000000000000000000e+00 0.000000000000000000e+00 2.506719754967227324e-03 2.563625403237579110e-03 9.050001892562642945e-04
1.430000000000000000e+04 0.000000000000000000e+00 0.000000000000000000e+00 0.000000000000000000e+00 0.000000000000000000e+00 0.000000000000000000e+00 5.312186619158626819e-06 0.000000000000000000e+00 9.151121081234504517e-01 0.000000000000000000e+00 5.573469483388424986e-07 0.000000000000000000e+00 1.447167769501399651e-02 0.000000000000000000e+00 6.337987241554209061e-02 0.000000000000000000e+00 1.603520129993232489e-05 0.000000000000000000e+00 0.000000000000000000e+00 0.000000000000000000e+00 1.039091683664962983e-03 0.000000000000000000e+00 0.000000000000000000e+00 0.000000000000000000e+00 0.000000000000000000e+00 0.000000000000000000e+00 2.506719754967227758e-03 2.563625403237579543e-03 9.050001892562644029e-04
1.460000000000000000e+04 0.000000000000000000e+00 0.000000000000000000e+00 0.000000000000000000e+00 0.000000000000000000e+00 0.000000000000000000e+00 5.312186619158627666e-06 0.000000000000000000e+00 9.151121081234503407e-01 0.000000000000000000e+00 5.573469483388423927e-07 0.000000000000000000e+00 1.447167769501399304e-02 0.000000000000000000e+00 6.337987241554209061e-02 0.000000000000000000e+00 1.603520129993232150e-05 0.000000000000000000e+00 0.000000000000000000e+00 0.000000000000000000e+00 1.039091683664962983e-03 0.000000000000000000e+00 0.000000000000000000e+00 0.000000000000000000e+00 0.000000000000000000e+00 0.000000000000000000e+00 2.506719754967227758e-03 2.563625403237579110e-03 9.050001892562642945e-04
1.490000000000000000e+04 0.000000000000000000e+00 0.000000000000000000e+00 0.000000000000000000e+00 0.000000000000000000e+00 0.000000000000000000e+00 5.312186619158626819e-06 0.000000000000000000e+00 9.151121081234504517e-01 0.000000000000000000e+00 5.573469483388423927e-07 0.000000000000000000e+00 1.447167769501399477e-02 0.000000000000000000e+00 6.337987241554209061e-02 0.000000000000000000e+00 1.603520129993232150e-05 0.000000000000000000e+00 0.000000000000000000e+00 0.000000000000000000e+00 1.039091683664962983e-03 0.000000000000000000e+00 0.000000000000000000e+00 0.000000000000000000e+00 0.000000000000000000e+00 0.000000000000000000e+00 2.506719754967227324e-03 2.563625403237579110e-03 9.050001892562644029e-04
1.520000000000000000e+04 0.000000000000000000e+00 0.000000000000000000e+00 0.000000000000000000e+00 0.000000000000000000e+00 0.000000000000000000e+00 5.312186619158628513e-06 0.000000000000000000e+00 9.151121081234504517e-01 0.000000000000000000e+00 5.573469483388423927e-07 0.000000000000000000e+00 1.447167769501399477e-02 0.000000000000000000e+00 6.337987241554209061e-02 0.000000000000000000e+00 1.603520129993232150e-05 0.000000000000000000e+00 0.000000000000000000e+00 0.000000000000000000e+00 1.039091683664962983e-03 0.000000000000000000e+00 0.000000000000000000e+00 0.000000000000000000e+00 0.000000000000000000e+00 0.000000000000000000e+00 2.506719754967227324e-03 2.563625403237579543e-03 9.050001892562644029e-04
1.550000000000000000e+04 0.000000000000000000e+00 0.000000000000000000e+00 0.000000000000000000e+00 0.000000000000000000e+00 0.000000000000000000e+00 5.312186619158626819e-06 0.000000000000000000e+00 9.151121081234505628e-01 0.000000000000000000e+00 5.573469483388424986e-07 0.000000000000000000e+00 1.447167769501399304e-02 0.000000000000000000e+00 6.337987241554207674e-02 0.000000000000000000e+00 1.603520129993232150e-05 0.000000000000000000e+00 0.000000000000000000e+00 0.000000000000000000e+00 1.039091683664962983e-03 0.000000000000000000e+00 0.000000000000000000e+00 0.000000000000000000e+00 0.000000000000000000e+00 0.000000000000000000e+00 2.506719754967227758e-03 2.563625403237579543e-03 9.050001892562642945e-04
1.580000000000000000e+04 0.000000000000000000e+00 0.000000000000000000e+00 0.000000000000000000e+00 0.000000000000000000e+00 0.000000000000000000e+00 5.312186619158627666e-06 0.000000000000000000e+00 9.151121081234505628e-01 0.000000000000000000e+00 5.573469483388424986e-07 0.000000000000000000e+00 1.447167769501399477e-02 0.000000000000000000e+00 6.337987241554209061e-02 0.000000000000000000e+00 1.603520129993232489e-05 0.000000000000000000e+00 0.000000000000000000e+00 0.000000000000000000e+00 1.039091683664962983e-03 0.000000000000000000e+00 0.000000000000000000e+00 0.000000000000000000e+00 0.000000000000000000e+00 0.000000000000000000e+00 2.506719754967227758e-03 2.563625403237579543e-03 9.050001892562644029e-04
1.610000000000000000e+04 0.000000000000000000e+00 0.000000000000000000e+00 0.000000000000000000e+00 0.000000000000000000e+00 0.000000000000000000e+00 5.312186619158626819e-06 0.000000000000000000e+00 9.151121081234505628e-01 0.000000000000000000e+00 5.573469483388423927e-07 0.000000000000000000e+00 1.447167769501399304e-02 0.000000000000000000e+00 6.337987241554209061e-02 0.000000000000000000e+00 1.603520129993232150e-05 0.000000000000000000e+00 0.000000000000000000e+00 0.000000000000000000e+00 1.039091683664963199e-03 0.000000000000000000e+00 0.000000000000000000e+00 0.000000000000000000e+00 0.000000000000000000e+00 0.000000000000000000e+00 2.506719754967227758e-03 2.563625403237579110e-03 9.050001892562644029e-04
1.640000000000000000e+04 0.000000000000000000e+00 0.000000000000000000e+00 0.000000000000000000e+00 0.000000000000000000e+00 0.000000000000000000e+00 5.312186619158628513e-06 0.000000000000000000e+00 9.151121081234505628e-01 0.000000000000000000e+00 5.573469483388423927e-07 0.000000000000000000e+00 1.447167769501399651e-02 0.000000000000000000e+00 6.337987241554210449e-02 0.000000000000000000e+00 1.603520129993232489e-05 0.000000000000000000e+00 0.000000000000000000e+00 0.000000000000000000e+00 1.039091683664962983e-03 0.000000000000000000e+00 0.000000000000000000e+00 0.000000000000000000e+00 0.000000000000000000e+00 0.000000000000000000e+00 2.506719754967227758e-03 2.563625403237579543e-03 9.050001892562645114e-04
1.670000000000000000e+04 0.000000000000000000e+00 0.000000000000000000e+00 0.000000000000000000e+00 0.000000000000000000e+00 0.000000000000000000e+00 5.312186619158629360e-06 0.000000000000000000e+00 9.151121081234506738e-01 0.000000000000000000e+00 5.573469483388426045e-07 0.000000000000000000e+00 1.447167769501399824e-02 0.000000000000000000e+00 6.337987241554210449e-02 0.000000000000000000e+00 1.603520129993232828e-05 0.000000000000000000e+00 0.000000000000000000e+00 0.000000000000000000e+00 1.039091683664963199e-03 0.000000000000000000e+00 0.000000000000000000e+00 0.000000000000000000e+00 0.000000000000000000e+00 0.000000000000000000e+00 2.506719754967228625e-03 2.563625403237580411e-03 9.050001892562646198e-04
1.700000000000000000e+04 0.000000000000000000e+00 0.000000000000000000e+00 0.000000000000000000e+00 0.000000000000000000e+00 0.000000000000000000e+00 9.921202551393148994e-02 0.000000000000000000e+00 6.679995653200181405e-01 0.000000000000000000e+00 4.851924826506452681e-02 0.000000000000000000e+00 1.804513045771934665e-01 0.000000000000000000e+00 7.450663214718486645e-05 0.000000000000000000e+00 7.044811193396768325e-05 0.000000000000000000e+00 0.000000000000000000e+00 0.000000000000000000e+00 5.951023059830722354e-04 0.000000000000000000e+00 0.000000000000000000e+00 0.000000000000000000e+00 0.000000000000000000e+00 0.000000000000000000e+00 2.200022416979077397e-03 2.024578738882971648e-04 6.753189828608849657e-04
1.730000000000000000e+04 0.000000000000000000e+00 0.000000000000000000e+00 0.000000000000000000e+00 0.000000000000000000e+00 0.000000000000000000e+00 9.921202551393146218e-02 0.000000000000000000e+00 6.679995653200180294e-01 0.000000000000000000e+00 4.851924826506451294e-02 0.000000000000000000e+00 1.804513045771934665e-01 0.000000000000000000e+00 7.450663214718486645e-05 0.000000000000000000e+00 7.044811193396766970e-05 0.000000000000000000e+00 0.000000000000000000e+00 0.000000000000000000e+00 5.951023059830721270e-04 0.000000000000000000e+00 0.000000000000000000e+00 0.000000000000000000e+00 0.000000000000000000e+00 0.000000000000000000e+00 2.200022416979076963e-03 2.024578738882971377e-04 6.753189828608847489e-04
1.760000000000000000e+04 0.000000000000000000e+00 0.000000000000000000e+00 0.000000000000000000e+00 0.000000000000000000e+00 0.000000000000000000e+00 9.921202551393146218e-02 0.000000000000000000e+00 6.679995653200179184e-01 0.000000000000000000e+00 4.851924826506450600e-02 0.000000000000000000e+00 1.804513045771934665e-01 0.000000000000000000e+00 7.450663214718486645e-05 0.000000000000000000e+00 7.044811193396766970e-05 0.000000000000000000e+00 0.000000000000000000e+00 0.000000000000000000e+00 5.951023059830721270e-04 0.000000000000000000e+00 0.000000000000000000e+00 0.000000000000000000e+00 0.000000000000000000e+00 0.000000000000000000e+00 2.200022416979076963e-03 2.024578738882971106e-04 6.753189828608848573e-04
1.790000000000000000e+04 0.000000000000000000e+00 0.000000000000000000e+00 0.000000000000000000e+00 0.000000000000000000e+00 0.000000000000000000e+00 9.921202551393147606e-02 0.000000000000000000e+00 6.679995653200180294e-01 0.000000000000000000e+00 4.851924826506451294e-02 0.000000000000000000e+00 1.804513045771934665e-01 0.000000000000000000e+00 7.450663214718486645e-05 0.000000000000000000e+00 7.044811193396768325e-05 0.000000000000000000e+00 0.000000000000000000e+00 0.000000000000000000e+00 5.951023059830722354e-04 0.000000000000000000e+00 0.000000000000000000e+00 0.000000000000000000e+00 0.000000000000000000e+00 0.000000000000000000e+00 2.200022416979076963e-03 2.024578738882971377e-04 6.753189828608849657e-04
1.820000000000000000e+04 0.000000000000000000e+00 0.000000000000000000e+00 0.000000000000000000e+00 0.000000000000000000e+00 0.000000000000000000e+00 9.921202551393148994e-02 0.000000000000000000e+00 6.679995653200181405e-01 0.000000000000000000e+00 4.851924826506452681e-02 0.000000000000000000e+00 1.804513045771934943e-01 0.000000000000000000e+00 7.450663214718488000e-05 0.000000000000000000e+00 7.044811193396769680e-05 0.000000000000000000e+00 0.000000000000000000e+00 0.000000000000000000e+00 5.951023059830722354e-04 0.000000000000000000e+00 0.000000000000000000e+00 0.000000000000000000e+00 0.000000000000000000e+00 0.000000000000000000e+00 2.200022416979076963e-03 2.024578738882971377e-04 6.753189828608848573e-04
1.850000000000000000e+04 0.000000000000000000e+00 0.000000000000000000e+00 0.000000000000000000e+00 0.000000000000000000e+00 0.000000000000000000e+00 9.921202551393146218e-02 0.000000000000000000e+00 6.679995653200180294e-01 0.000000000000000000e+00 4.851924826506449906e-02 0.000000000000000000e+00 1.804513045771934387e-01 0.000000000000000000e+00 7.450663214718483934e-05 0.000000000000000000e+00 7.044811193396765614e-05 0.000000000000000000e+00 0.000000000000000000e+00 0.000000000000000000e+00 5.951023059830720186e-04 0.000000000000000000e+00 0.000000000000000000e+00 0.000000000000000000e+00 0.000000000000000000e+00 0.000000000000000000e+00 2.200022416979076530e-03 2.024578738882970564e-04 6.753189828608847489e-04
1.880000000000000000e+04 0.000000000000000000e+00 0.000000000000000000e+00 0.000000000000000000e+00 0.000000000000000000e+00 0.000000000000000000e+00 9.921202551393147606e-02 0.000000000000000000e+00 6.679995653200181405e-01 0.000000000000000000e+00 4.851924826506451294e-02 0.000000000000000000e+00 1.804513045771934665e-01 0.000000000000000000e+00 7.450663214718485289e-05 0.000000000000000000e+00 7.044811193396766970e-05 0.000000000000000000e+00 0.000000000000000000e+00 0.000000000000000000e+00 5.951023059830722354e-04 0.000000000000000000e+00 0.000000000000000000e+00 0.000000000000000000e+00 0.000000000000000000e+00 0.000000000000000000e+00 2.200022416979076963e-03 2.024578738882971106e-04 6.753189828608847489e-04
1.910000000000000000e+04 0.000000000000000000e+00 0.000000000000000000e+00 0.000000000000000000e+00 0.000000000000000000e+00 0.000000000000000000e+00 9.921202551393147606e-02 0.000000000000000000e+00 6.679995653200180294e-01 0.000000000000000000e+00 4.851924826506451294e-02 0.000000000000000000e+00 1.804513045771934387e-01 0.000000000000000000e+00 7.450663214718485289e-05 0.000000000000000000e+00 7.044811193396766970e-05 0.000000000000000000e+00 0.000000000000000000e+00 0.000000000000000000e+00 5.951023059830721270e-04 0.000000000000000000e+00 0.000000000000000000e+00 0.000000000000000000e+00 0.000000000000000000e+00 0.000000000000000000e+00 2.200022416979076963e-03 2.024578738882970835e-04 6.753189828608847489e-04
1.940000000000000000e+04 0.000000000000000000e+00 0.000000000000000000e+00 0.000000000000000000e+00 0.000000000000000000e+00 0.000000000000000000e+00 9.921202551393148994e-02 0.000000000000000000e+00 6.679995653200181405e-01 0.000000000000000000e+00 4.851924826506451294e-02 0.000000000000000000e+00 1.804513045771934387e-01 0.000000000000000000e+00 7.450663214718486645e-05 0.000000000000000000e+00 7.044811193396768325e-05 0.000000000000000000e+00 0.000000000000000000e+00 0.000000000000000000e+00 5.951023059830722354e-04 0.000000000000000000e+00 0.000000000000000000e+00 0.000000000000000000e+00 0.000000000000000000e+00 0.000000000000000000e+00 2.200022416979076963e-03 2.024578738882971106e-04 6.753189828608849657e-04
1.970000000000000000e+04 0.000000000000000000e+00 0.000000000000000000e+00 0.000000000000000000e+00 0.000000000000000000e+00 0.000000000000000000e+00 9.921202551393147606e-02 0.000000000000000000e+00 6.679995653200179184e-01 0.000000000000000000e+00 4.851924826506449906e-02 0.000000000000000000e+00 1.804513045771934110e-01 0.000000000000000000e+00 7.450663214718485289e-05 0.000000000000000000e+00 7.044811193396766970e-05 0.000000000000000000e+00 0.000000000000000000e+00 0.000000000000000000e+00 5.951023059830721270e-04 0.000000000000000000e+00 0.000000000000000000e+00 0.000000000000000000e+00 0.000000000000000000e+00 0.000000000000000000e+00 2.200022416979076963e-03 2.024578738882970835e-04 6.753189828608846404e-04
