3.500000000000000000e+03 0.000000000000000000e+00 0.000000000000000000e+00 0.000000000000000000e+00 0.000000000000000000e+00 0.000000000000000000e+00 1.103712528897432421e-05 0.000000000000000000e+00 1.941046117329903870e-02 0.000000000000000000e+00 2.622617763662560024e-06 0.000000000000000000e+00 2.513042362332290418e-04 0.000000000000000000e+00 5.612062439667266089e-02 0.000000000000000000e+00 1.890074466032299716e-04 0.000000000000000000e+00 0.000000000000000000e+00 0.000000000000000000e+00 2.667448097586879938e-02 0.000000000000000000e+00 0.000000000000000000e+00 0.000000000000000000e+00 0.000000000000000000e+00 0.000000000000000000e+00 3.612805302450561307e-01 2.370666287728785127e-01 2.989933030103356648e-01
3.800000000000000000e+03 0.000000000000000000e+00 0.000000000000000000e+00 0.000000000000000000e+00 0.000000000000000000e+00 0.000000000000000000e+00 1.103712528897432421e-05 0.000000000000000000e+00 1.941046117329904563e-02 0.000000000000000000e+00 2.622617763662561294e-06 0.000000000000000000e+00 2.513042362332291503e-04 0.000000000000000000e+00 5.612062439667267477e-02 0.000000000000000000e+00 1.890074466032300258e-04 0.000000000000000000e+00 0.000000000000000000e+00 0.000000000000000000e+00 2.667448097586880632e-02 0.000000000000000000e+00 0.000000000000000000e+00 0.000000000000000000e+00 0.000000000000000000e+00 0.000000000000000000e+00 3.612805302450562417e-01 2.370666287728785682e-01 2.989933030103357758e-01
4.100000000000000000e+03 0.000000000000000000e+00 0.000000000000000000e+00 0.000000000000000000e+00 0.000000000000000000e+00 0.000000000000000000e+00 1.103712528897432421e-05 0.000000000000000000e+00 1.941046117329904216e-02 0.000000000000000000e+00 2.622617763662560447e-06 0.000000000000000000e+00 2.513042362332290960e-04 0.000000000000000000e+00 5.612062439667265396e-02 0.000000000000000000e+00 1.890074466032299716e-04 0.000000000000000000e+00 0.000000000000000000e+00 0.000000000000000000e+00 2.667448097586880285e-02 0.000000000000000000e+00 0.000000000000000000e+00 0.000000000000000000e+00 0.000000000000000000e+00 0.000000000000000000e+00 3.612805302450561862e-01 2.370666287728785404e-01 2.989933030103356648e-01
4.400000000000000000e+03 0.000000000000000000e+00 0.000000000000000000e+00 0.000000000000000000e+00 0.000000000000000000e+00 0.000000000000000000e+00 1.103712528897432591e-05 0.000000000000000000e+00 1.941046117329904216e-02 0.000000000000000000e+00 2.622617763662561294e-06 0.000000000000000000e+00 2.513042362332291503e-04 0.000000000000000000e+00 5.612062439667267477e-02 0.000000000000000000e+00 1.890074466032299987e-04 0.000000000000000000e+00 0.000000000000000000e+00 0.000000000000000000e+00 2.667448097586880285e-02 0.000000000000000000e+00 0.000000000000000000e+00 0.000000000000000000e+00 0.000000000000000000e+00 0.000000000000000000e+00 3.612805302450561307e-01 2.370666287728785682e-01 2.989933030103357203e-01
4.700000000000000000e+03 0.000000000000000000e+00 0.000000000000000000e+00 0.000000000000000000e+00 0.000000000000000000e+00 0.000000000000000000e+00 1.103712528897432252e-05 0.000000000000000000e+00 1.941046117329904563e-02 0.000000000000000000e+00 2.622617763662561294e-06 0.000000000000000000e+00 2.513042362332290960e-04 0.000000000000000000e+00 5.612062439667266089e-02 0.000000000000000000e+00 1.890074466032299716e-04 0.000000000000000000e+00 0.000000000000000000e+00 0.000000000000000000e+00 2.667448097586880285e-02 0.000000000000000000e+00 0.000000000000000000e+00 0.000000000000000000e+00 0.000000000000000000e+00 0.000000000000000000e+00 3.612805302450561307e-01 2.370666287728785682e-01 2.989933030103357203e-01
5.000000000000000000e+03 0.000000000000000000e+00 0.000000000000000000e+00 0.000000000000000000e+00 0.000000000000000000e+00 0.000000000000000000e+00 1.103712528897432760e-05 0.000000000000000000e+00 1.941046117329904910e-02 0.000000000000000000e+00 2.622617763662561294e-06 0.000000000000000000e+00 2.513042362332291503e-04 0.000000000000000000e+00 5.612062439667266783e-02 0.000000000000000000e+00 1.890074466032300258e-04 0.000000000000000000e+00 0.000000000000000000e+00 0.000000000000000000e+00 2.667448097586880632e-02 0.000000000000000000e+00 0.000000000000000000e+00 0.000000000000000000e+00 0.000000000000000000e+00 0.000000000000000000e+00 3.612805302450561862e-01 2.370666287728785682e-01 2.989933030103357203e-01
5.300000000000000000e+03 0.000000000000000000e+00 0.000000000000000000e+00 0.000000000000000000e+00 0.000000000000000000e+00 0.000000000000000000e+00 1.103712528897432252e-05 0.000000000000000000e+00 1.941046117329904216e-02 0.000000000000000000e+00 2.622617763662560871e-06 0.000000000000000000e+00 2.513042362332290960e-04 0.000000000000000000e+00 5.612062439667266089e-02 0.000000000000000000e+00 1.890074466032299716e-04 0.000000000000000000e+00 0.000000000000000000e+00 0.000000000000000000e+00 2.667448097586880632e-02 0.000000000000000000e+00 0.000000000000000000e+00 0.000000000000000000e+00 0.000000000000000000e+00 0.000000000000000000e+00 3.612805302450561307e-01 2.370666287728785404e-01 2.989933030103356648e-01
5.600000000000000000e+03 0.000000000000000000e+00 0.000000000000000000e+00 0.000000000000000000e+00 0.000000000000000000e+00 0.000000000000000000e+00 1.103712528897432252e-05 0.000000000000000000e+00 1.941046117329904216e-02 0.000000000000000000e+00 2.622617763662560447e-06 0.000000000000000000e+00 2.513042362332290960e-04 0.000000000000000000e+00 5.612062439667266089e-02 0.000000000000000000e+00 1.890074466032299716e-04 0.000000000000000000e+00 0.000000000000000000e+00 0.000000000000000000e+00 2.667448097586879938e-02 0.000000000000000000e+00 0.000000000000000000e+00 0.000000000000000000e+00 0.000000000000000000e+00 0.000000000000000000e+00 3.612805302450561307e-01 2.370666287728785127e-01 2.989933030103356648e-01
5.900000000000000000e+03 0.000000000000000000e+00 0.000000000000000000e+00 0.000000000000000000e+00 0.000000000000000000e+00 0.000000000000000000e+00 1.103712528897432421e-05 0.000000000000000000e+00 1.941046117329904563e-02 0.000000000000000000e+00 2.622617763662560871e-06 0.000000000000000000e+00 2.513042362332291503e-04 0.000000000000000000e+00 5.612062439667266783e-02 0.000000000000000000e+00 1.890074466032299987e-04 0.000000000000000000e+00 0.000000000000000000e+00 0.000000000000000000e+00 2.667448097586880632e-02 0.000000000000000000e+00 0.000000000000000000e+00 0.000000000000000000e+00 0.000000000000000000e+00 0.000000000000000000e+00 3.612805302450561307e-01 2.370666287728785682e-01 2.989933030103357203e-01
6.200000000000000000e+03 0.000000000000000000e+00 0.000000000000000000e+00 0.000000000000000000e+00 0.000000000000000000e+00 0.000000000000000000e+00 1.103712528897432421e-05 0.000000000000000000e+00 1.941046117329904563e-02 0.000000000000000000e+00 2.622617763662560871e-06 0.000000000000000000e+00 2.513042362332290960e-04 0.000000000000000000e+00 5.612062439667266783e-02 0.000000000000000000e+00 1.890074466032299987e-04 0.000000000000000000e+00 0.000000000000000000e+00 0.000000000000000000e+00 2.667448097586879938e-02 0.000000000000000000e+00 0.000000000000000000e+00 0.000000000000000000e+00 0.000000000000000000e+00 0.000000000000000000e+00 3.612805302450561862e-01 2.370666287728785127e-01 2.989933030103357203e-01
6.500000000000000000e+03 0.000000000000000000e+00 0.000000000000000000e+00 0.000000000000000000e+00 0.000000000000000000e+00 0.000000000000000000e+00 1.103712528897432252e-05 0.000000000000000000e+00 1.941046117329904563e-02 0.000000000000000000e+00 2.622617763662560871e-06 0.000000000000000000e+00 2.513042362332291503e-04 0.000000000000000000e+00 5.612062439667266089e-02 0.000000000000000000e+00 1.890074466032300258e-04 0.000000000000000000e+00 0.000000000000000000e+00 0.000000000000000000e+00 2.667448097586880632e-02 0.000000000000000000e+00 0.000000000000000000e+00 0.000000000000000000e+00 0.000000000000000000e+00 0.000000000000000000e+00 3.612805302450561862e-01 2.370666287728785127e-01 2.989933030103357203e-01
6.800000000000000000e+03 0.000000000000000000e+00 0.000000000000000000e+00 0.000000000000000000e+00 0.000000000000000000e+00 0.000000000000000000e+00 1.103712528897432421e-05 0.000000000000000000e+00 1.941046117329904910e-02 0.000000000000000000e+00 2.622617763662561294e-06 0.000000000000000000e+00 2.513042362332291503e-04 0.000000000000000000e+00 5.612062439667267477e-02 0.000000000000000000e+00 1.890074466032300258e-04 0.000000000000000000e+00 0.000000000000000000e+00 0.000000000000000000e+00 2.667448097586880632e-02 0.000000000000000000e+00 0.000000000000000000e+00 0.000000000000000000e+00 0.000000000000000000e+00 0.000000000000000000e+00 3.612805302450562417e-01 2.370666287728785959e-01 2.989933030103357203e-01
7.100000000000000000e+03 0.000000000000000000e+00 0.000000000000000000e+00 0.000000000000000000e+00 0.000000000000000000e+00 0.000000000000000000e+00 9.933967714727347695e-06 0.000000000000000000e+00 2.026192244751211582e-02 0.000000000000000000e+00 2.966979546693401768e-06 0.000000000000000000e+00 6.627253013867127548e-03 0.000000000000000000e+00 4.133362948671388537e-01 0.000000000000000000e+00 1.674292414078627040e-03 0.000000000000000000e+00 0.000000000000000000e+00 0.000000000000000000e+00 4.014828710695950847e-02 0.000000000000000000e+00 0.000000000000000000e+00 0.000000000000000000e+00 0.000000000000000000e+00 0.000000000000000000e+00 2.348676314266309739e-01 1.700780969786593599e-01 1.129933207978918719e-01
7.400000000000000000e+03 0.000000000000000000e+00 0.000000000000000000e+00 0.000000000000000000e+00 0.000000000000000000e+00 0.000000000000000000e+00 9.933967714727349389e-06 0.000000000000000000e+00 2.026192244751211929e-02 0.000000000000000000e+00 2.966979546693401768e-06 0.000000000000000000e+00 6.627253013867128416e-03 0.000000000000000000e+00 4.133362948671388537e-01 0.000000000000000000e+00 1.674292414078627257e-03 0.000000000000000000e+00 0.000000000000000000e+00 0.000000000000000000e+00 4.014828710695950847e-02 0.000000000000000000e+00 0.000000000000000000e+00 0.000000000000000000e+00 0.000000000000000000e+00 0.000000000000000000e+00 2.348676314266310294e-01 1.700780969786593599e-01 1.129933207978918580e-01
7.700000000000000000e+03 0.000000000000000000e+00 0.000000000000000000e+00 0.000000000000000000e+00 0.000000000000000000e+00 0.000000000000000000e+00 9.933967714727351083e-06 0.000000000000000000e+00 2.026192244751212276e-02 0.000000000000000000e+00 2.966979546693402191e-06 0.000000000000000000e+00 6.627253013867129283e-03 0.000000000000000000e+00 4.133362948671389647e-01 0.000000000000000000e+00 1.674292414078627474e-03 0.000000000000000000e+00 0.000000000000000000e+00 0.000000000000000000e+00 4.014828710695951541e-02 0.000000000000000000e+00 0.000000000000000000e+00 0.000000000000000000e+00 0.000000000000000000e+00 0.000000000000000000e+00 2.348676314266310849e-01 1.700780969786594155e-01 1.129933207978918996e-01
8.000000000000000000e+03 0.000000000000000000e+00 0.000000000000000000e+00 0.000000000000000000e+00 0.000000000000000000e+00 0.000000000000000000e+00 9.933967714727349389e-06 0.000000000000000000e+00 2.026192244751211929e-02 0.000000000000000000e+00 2.966979546693402191e-06 0.000000000000000000e+00 6.627253013867127548e-03 0.000000000000000000e+00 4.133362948671389092e-01 0.000000000000000000e+00 1.674292414078627040e-03 0.000000000000000000e+00 0.000000000000000000e+00 0.000000000000000000e+00 4.014828710695950154e-02 0.000000000000000000e+00 0.000000000000000000e+00 0.000000000000000000e+00 0.000000000000000000e+00 0.000000000000000000e+00 2.348676314266310017e-01 1.700780969786593322e-01 1.129933207978918719e-01
8.300000000000000000e+03 0.000000000000000000e+00 0.000000000000000000e+00 0.000000000000000000e+00 0.000000000000000000e+00 0.000000000000000000e+00 9.933967714727349389e-06 0.000000000000000000e+00 2.026192244751212276e-02 0.000000000000000000e+00 2.966979546693402191e-06 0.000000000000000000e+00 6.627253013867128416e-03 0.000000000000000000e+00 4.133362948671388537e-01 0.000000000000000000e+00 1.674292414078627257e-03 0.000000000000000000e+00 0.000000000000000000e+00 0.000000000000000000e+00 4.014828710695950847e-02 0.000000000000000000e+00 0.000000000000000000e+00 0.000000000000000000e+00 0.000000000000000000e+00 0.000000000000000000e+00 2.348676314266310849e-01 1.700780969786593599e-01 1.129933207978918719e-01
8.600000000000000000e+03 0.000000000000000000e+00 0.000000000000000000e+00 0.000000000000000000e+00 0.000000000000000000e+00 0.000000000000000000e+00 9.933967714727347695e-06 0.000000000000000000e+00 2.026192244751211582e-02 0.000000000000000000e+00 2.966979546693402191e-06 0.000000000000000000e+00 6.627253013867128416e-03 0.000000000000000000e+00 4.133362948671389647e-01 0.000000000000000000e+00 1.674292414078627257e-03 0.000000000000000000e+00 0.000000000000000000e+00 0.000000000000000000e+00 4.014828710695950847e-02 0.000000000000000000e+00 0.000000000000000000e+00 0.000000000000000000e+00 0.000000000000000000e+00 0.000000000000000000e+00 2.348676314266310017e-01 1.700780969786593599e-01 1.129933207978918580e-01
8.900000000000000000e+03 0.000000000000000000e+00 0.000000000000000000e+00 0.000000000000000000e+00 0.000000000000000000e+00 0.000000000000000000e+00 9.933967714727347695e-06 0.000000000000000000e+00 2.026192244751211582e-02 0.000000000000000000e+00 2.966979546693401768e-06 0.000000000000000000e+00 6.627253013867126681e-03 0.000000000000000000e+00 4.133362948671388537e-01 0.000000000000000000e+00 1.674292414078627040e-03 0.000000000000000000e+00 0.000000000000000000e+00 0.000000000000000000e+00 4.014828710695950154e-02 0.000000000000000000e+00 0.000000000000000000e+00 0.000000000000000000e+00 0.000000000000000000e+00 0.000000000000000000e+00 2.348676314266309739e-01 1.700780969786593322e-01 1.129933207978918719e-01
9.200000000000000000e+03 0.000000000000000000e+00 0.000000000000000000e+00 0.000000000000000000e+00 0.000000000000000000e+00 0.000000000000000000e+00 9.933967714727349389e-06 0.000000000000000000e+00 2.026192244751211929e-02 0.000000000000000000e+00 2.966979546693402191e-06 0.000000000000000000e+00 6.627253013867128416e-03 0.000000000000000000e+00 4.133362948671389092e-01 0.000000000000000000e+00 1.674292414078627257e-03 0.000000000000000000e+00 0.000000000000000000e+00 0.000000000000000000e+00 4.014828710695950847e-02 0.000000000000000000e+00 0.000000000000000000e+00 0.000000000000000000e+00 0.000000000000000000e+00 0.000000000000000000e+00 2.348676314266310849e-01 1.700780969786593877e-01 1.129933207978918719e-01
9.500000000000000000e+03 0.000000000000000000e+00 0.000000000000000000e+00 0.000000000000000000e+00 0.000000000000000000e+00 0.000000000000000000e+00 9.933967714727349389e-06 0.000000000000000000e+00 2.026192244751211582e-02 0.000000000000000000e+00 2.966979546693401768e-06 0.000000000000000000e+00 6.627253013867128416e-03 0.000000000000000000e+00 4.133362948671388537e-01 0.000000000000000000e+00 1.674292414078627040e-03 0.000000000000000000e+00 0.000000000000000000e+00 0.000000000000000000e+00 4.014828710695950847e-02 0.000000000000000000e+00 0.000000000000000000e+00 0.000000000000000000e+00 0.000000000000000000e+00 0.000000000000000000e+00 2.348676314266310017e-01 1.700780969786593599e-01 1.129933207978918580e-01
9.800000000000000000e+03 0.000000000000000000e+00 0.000000000000000000e+00 0.000000000000000000e+00 0.000000000000000000e+00 0.000000000000000000e+00 9.933967714727351083e-06 0.000000000000000000e+00 2.026192244751211929e-02 0.000000000000000000e+00 2.966979546693401768e-06 0.000000000000000000e+00 6.627253013867127548e-03 0.000000000000000000e+00 4.133362948671389647e-01 0.000000000000000000e+00 1.674292414078627257e-03 0.000000000000000000e+00 0.000000000000000000e+00 0.000000000000000000e+00 4.014828710695950847e-02 0.000000000000000000e+00 0.000000000000000000e+00 0.000000000000000000e+00 0.000000000000000000e+00 0.000000000000000000e+00 2.348676314266310572e-01 1.700780969786593599e-01 1.129933207978918858e-01
1.010000000000000000e+04 0.000000000000000000e+00 0.000000000000000000e+00 0.000000000000000000e+00 0.000000000000000000e+00 0.000000000000000000e+00 3.828474895474418017e-06 0.000000000000000000e+00 5.697408022390681483e-03 0.000000000000000000e+00 8.227403280389357150e-07 0.000000000000000000e+00 1.777951322115511879e-01 0.000000000000000000e+00 5.407310570645438297e-01 0.000000000000000000e+00 1.220336075084454963e-01 0.000000000000000000e+00 0.000000000000000000e+00 0.000000000000000000e+00 7.758655936333466729e-02 0.000000000000000000e+00 0.000000000000000000e+00 0.000000000000000000e+00 0.000000000000000000e+00 0.000000000000000000e+00 3.162711944083804183e-02 4.117336804336521605e-02 3.351097130307469606e-03
1.040000000000000000e+04 0.000000000000000000e+00 0.000000000000000000e+00 0.000000000000000000e+00 0.000000000000000000e+00 0.000000000000000000e+00 3.828474895474417170e-06 0.000000000000000000e+00 5.697408022390680615e-03 0.000000000000000000e+00 8.227403280389356092e-07 0.000000000000000000e+00 1.777951322115511601e-01 0.000000000000000000e+00 5.407310570645437187e-01 0.000000000000000000e+00 1.220336075084454686e-01 0.000000000000000000e+00 0.000000000000000000e+00 0.000000000000000000e+00 7.758655936333465342e-02 0.000000000000000000e+00 0.000000000000000000e+00 0.000000000000000000e+00 0.000000000000000000e+00 0.000000000000000000e+00 3.162711944083804877e-02 4.117336804336521605e-02 3.351097130307469606e-03
1.070000000000000000e+04 0.000000000000000000e+00 0.000000000000000000e+00 0.000000000000000000e+00 0.000000000000000000e+00 0.000000000000000000e+00 3.828474895474417170e-06 0.000000000000000000e+00 5.697408022390680615e-03 0.000000000000000000e+00 8.227403280389356092e-07 0.000000000000000000e+00 1.777951322115512156e-01 0.000000000000000000e+00 5.407310570645437187e-01 0.000000000000000000e+00 1.220336075084454686e-01 0.000000000000000000e+00 0.000000000000000000e+00 0.000000000000000000e+00 7.758655936333466729e-02 0.000000000000000000e+00 0.000000000000000000e+00 0.000000000000000000e+00 0.000000000000000000e+00 0.000000000000000000e+00 3.162711944083804183e-02 4.117336804336522299e-02 3.351097130307469606e-03
1.100000000000000000e+04 0.000000000000000000e+00 0.000000000000000000e+00 0.000000000000000000e+00 0.000000000000000000e+00 0.000000000000000000e+00 3.828474895474416323e-06 0.000000000000000000e+00 5.697408022390679748e-03 0.000000000000000000e+00 8.227403280389356092e-07 0.000000000000000000e+00 1.777951322115511879e-01 0.000000000000000000e+00 5.407310570645437187e-01 0.000000000000000000e+00 1.220336075084454547e-01 0.000000000000000000e+00 0.000000000000000000e+00 0.000000000000000000e+00 7.758655936333466729e-02 0.000000000000000000e+00 0.000000000000000000e+00 0.000000000000000000e+00 0.000000000000000000e+00 0.000000000000000000e+00 3.162711944083804183e-02 4.117336804336521605e-02 3.351097130307469172e-03
1.130000000000000000e+04 0.000000000000000000e+00 0.000000000000000000e+00 0.000000000000000000e+00 0.000000000000000000e+00 0.000000000000000000e+00 3.828474895474416323e-06 0.000000000000000000e+00 5.697408022390678881e-03 0.000000000000000000e+00 8.227403280389355033e-07 0.000000000000000000e+00 1.777951322115511601e-01 0.000000000000000000e+00 5.407310570645437187e-01 0.000000000000000000e+00 1.220336075084454269e-01 0.000000000000000000e+00 0.000000000000000000e+00 0.000000000000000000e+00 7.758655936333463954e-02 0.000000000000000000e+00 0.000000000000000000e+00 0.000000000000000000e+00 0.000000000000000000e+00 0.000000000000000000e+00 3.162711944083803489e-02 4.117336804336520217e-02 3.351097130307468305e-03
1.160000000000000000e+04 0.000000000000000000e+00 0.000000000000000000e+00 0.000000000000000000e+00 0.000000000000000000e+00 0.000000000000000000e+00 3.828474895474417170e-06 0.000000000000000000e+00 5.697408022390679748e-03 0.000000000000000000e+00 8.227403280389355033e-07 0.000000000000000000e+00 1.777951322115511601e-01 0.000000000000000000e+00 5.407310570645437187e-01 0.000000000000000000e+00 1.220336075084454547e-01 0.000000000000000000e+00 0.000000000000000000e+00 0.000000000000000000e+00 7.758655936333465342e-02 0.000000000000000000e+00 0.000000000000000000e+00 0.000000000000000000e+00 0.000000000000000000e+00 0.000000000000000000e+00 3.162711944083804183e-02 4.117336804336521605e-02 3.351097130307468305e-03
1.190000000000000000e+04 0.000000000000000000e+00 0.000000000000000000e+00 0.000000000000000000e+00 0.000000000000000000e+00 0.000000000000000000e+00 3.828474895474417170e-06 0.000000000000000000e+00 5.697408022390679748e-03 0.000000000000000000e+00 8.227403280389356092e-07 0.000000000000000000e+00 1.777951322115511879e-01 0.000000000000000000e+00 5.407310570645437187e-01 0.000000000000000000e+00 1.220336075084454686e-01 0.000000000000000000e+00 0.000000000000000000e+00 0.000000000000000000e+00 7.758655936333465342e-02 0.000000000000000000e+00 0.000000000000000000e+00 0.000000000000000000e+00 0.000000000000000000e+00 0.000000000000000000e+00 3.162711944083804183e-02 4.117336804336521605e-02 3.351097130307469172e-03
1.220000000000000000e+04 0.000000000000000000e+00 0.000000000000000000e+00 0.000000000000000000e+00 0.000000000000000000e+00 0.000000000000000000e+00 3.828474895474417170e-06 0.000000000000000000e+00 5.697408022390680615e-03 0.000000000000000000e+00 8.227403280389355033e-07 0.000000000000000000e+00 1.777951322115511879e-01 0.000000000000000000e+00 5.407310570645437187e-01 0.000000000000000000e+00 1.220336075084454686e-01 0.000000000000000000e+00 0.000000000000000000e+00 0.000000000000000000e+00 7.758655936333465342e-02 0.000000000000000000e+00 0.000000000000000000e+00 0.000000000000000000e+00 0.000000000000000000e+00 0.000000000000000000e+00 3.162711944083804183e-02 4.117336804336521605e-02 3.351097130307469606e-03
1.250000000000000000e+04 0.000000000000000000e+00 0.000000000000000000e+00 0.000000000000000000e+00 0.000000000000000000e+00 0.000000000000000000e+00 3.828474895474417170e-06 0.000000000000000000e+00 5.697408022390681483e-03 0.000000000000000000e+00 8.227403280389356092e-07 0.000000000000000000e+00 1.777951322115512434e-01 0.000000000000000000e+00 5.407310570645437187e-01 0.000000000000000000e+00 1.220336075084454824e-01 0.000000000000000000e+00 0.000000000000000000e+00 0.000000000000000000e+00 7.758655936333466729e-02 0.000000000000000000e+00 0.000000000000000000e+00 0.000000000000000000e+00 0.000000000000000000e+00 0.000000000000000000e+00 3.162711944083804877e-02 4.117336804336522299e-02 3.351097130307470473e-03
1.280000000000000000e+04 0.000000000000000000e+00 0.000000000000000000e+00 0.000000000000000000e+00 0.000000000000000000e+00 0.000000000000000000e+00 3.828474895474417170e-06 0.000000000000000000e+00 5.697408022390681483e-03 0.000000000000000000e+00 8.227403280389357150e-07 0.000000000000000000e+00 1.777951322115512434e-01 0.000000000000000000e+00 5.407310570645438297e-01 0.000000000000000000e+00 1.220336075084454824e-01 0.000000000000000000e+00 0.000000000000000000e+00 0.000000000000000000e+00 7.758655936333468117e-02 0.000000000000000000e+00 0.000000000000000000e+00 0.000000000000000000e+00 0.000000000000000000e+00 0.000000000000000000e+00 3.162711944083804877e-02 4.117336804336522299e-02 3.351097130307470473e-03
1.310000000000000000e+04 0.000000000000000000e+00 0.000000000000000000e+00 0.000000000000000000e+00 0.000000000000000000e+00 0.000000000000000000e+00 5.370800838779301830e-06 0.000000000000000000e+00 9.150296389932384145e-01 0.000000000000000000e+00 5.653297447228887462e-07 0.000000000000000000e+00 1.280750471404955119e-02 0.000000000000000000e+00 6.470398282585076988e-02 0.000000000000000000e+00 1.602128890840543002e-05 0.000000000000000000e+00 0.000000000000000000e+00 0.000000000000000000e+00 1.175615657085031865e-03 0.000000000000000000e+00 0.000000000000000000e+00 0.000000000000000000e+00 0.000000000000000000e+00 0.000000000000000000e+00 2.564028702969030522e-03 2.936300074787430783e-03 7.609716125277988163e-04
1.340000000000000000e+04 0.000000000000000000e+00 0.000000000000000000e+00 0.000000000000000000e+00 0.000000000000000000e+00 0.000000000000000000e+00 5.370800838779300983e-06 0.000000000000000000e+00 9.150296389932385255e-01 0.000000000000000000e+00 5.653297447228887462e-07 0.000000000000000000e+00 1.280750471404954946e-02 0.000000000000000000e+00 6.470398282585076988e-02 0.000000000000000000e+00 1.602128890840543002e-05 0.000000000000000000e+00 0.000000000000000000e+00 0.000000000000000000e+00 1.175615657085032082e-03 0.000000000000000000e+00 0.000000000000000000e+00 0.000000000000000000e+00 0.000000000000000000e+00 0.000000000000000000e+00 2.564028702969030956e-03 2.936300074787430783e-03 7.609716125277989247e-04
1.370000000000000000e+04 0.000000000000000000e+00 0.000000000000000000e+00 0.000000000000000000e+00 0.000000000000000000e+00 0.000000000000000000e+00 5.370800838779301830e-06 0.000000000000000000e+00 9.150296389932385255e-01 0.000000000000000000e+00 5.653297447228887462e-07 0.000000000000000000e+00 1.280750471404955293e-02 0.000000000000000000e+00 6.470398282585076988e-02 0.000000000000000000e+00 1.602128890840543002e-05 0.000000000000000000e+00 0.000000000000000000e+00 0.000000000000000000e+00 1.175615657085031865e-03 0.000000000000000000e+00 0.000000000000000000e+00 0.000000000000000000e+00 0.000000000000000000e+00 0.000000000000000000e+00 2.564028702969030956e-03 2.936300074787431217e-03 7.609716125277989247e-04
1.400000000000000000e+04 0.000000000000000000e+00 0.000000000000000000e+00 0.000000000000000000e+00 0.000000000000000000e+00 0.000000000000000000e+00 5.370800838779302677e-06 0.000000000000000000e+00 9.150296389932385255e-01 0.000000000000000000e+00 5.653297447228887462e-07 0.000000000000000000e+00 1.280750471404955119e-02 0.000000000000000000e+00 6.470398282585078376e-02 0.000000000000000000e+00 1.602128890840543002e-05 0.000000000000000000e+00 0.000000000000000000e+00 0.000000000000000000e+00 1.175615657085031865e-03 0.000000000000000000e+00 0.000000000000000000e+00 0.000000000000000000e+00 0.000000000000000000e+00 0.000000000000000000e+00 2.564028702969030522e-03 2.936300074787430350e-03 7.609716125277989247e-04
1.430000000000000000e+04 0.000000000000000000e+00 0.000000000000000000e+00 0.000000000000000000e+00 0.000000000000000000e+00 0.000000000000000000e+00 5.370800838779301830e-06 0.000000000000000000e+00 9.150296389932385255e-01 0.000000000000000000e+00 5.653297447228887462e-07 0.000000000000000000e+00 1.280750471404955119e-02 0.000000000000000000e+00 6.470398282585078376e-02 0.000000000000000000e+00 1.602128890840543002e-05 0.000000000000000000e+00 0.000000000000000000e+00 0.000000000000000000e+00 1.175615657085032082e-03 0.000000000000000000e+00 0.000000000000000000e+00 0.000000000000000000e+00 0.000000000000000000e+00 0.000000000000000000e+00 2.564028702969030956e-03 2.936300074787430783e-03 7.609716125277989247e-04
1.460000000000000000e+04 0.000000000000000000e+00 0.000000000000000000e+00 0.000000000000000000e+00 0.000000000000000000e+00 0.000000000000000000e+00 5.370800838779300983e-06 0.000000000000000000e+00 9.150296389932384145e-01 0.000000000000000000e+00 5.653297447228886403e-07 0.000000000000000000e+00 1.280750471404954773e-02 0.000000000000000000e+00 6.470398282585075600e-02 0.000000000000000000e+00 1.602128890840542663e-05 0.000000000000000000e+00 0.000000000000000000e+00 0.000000000000000000e+00 1.175615657085031865e-03 0.000000000000000000e+00 0.000000000000000000e+00 0.000000000000000000e+00 0.000000000000000000e+00 0.000000000000000000e+00 2.564028702969029655e-03 2.936300074787430350e-03 7.609716125277988163e-04
1.490000000000000000e+04 0.000000000000000000e+00 0.000000000000000000e+00 0.000000000000000000e+00 0.000000000000000000e+00 0.000000000000000000e+00 5.370800838779301830e-06 0.000000000000000000e+00 9.150296389932384145e-01 0.000000000000000000e+00 5.653297447228886403e-07 0.000000000000000000e+00 1.280750471404954773e-02 0.000000000000000000e+00 6.470398282585076988e-02 0.000000000000000000e+00 1.602128890840543002e-05 0.000000000000000000e+00 0.000000000000000000e+00 0.000000000000000000e+00 1.175615657085031865e-03 0.000000000000000000e+00 0.000000000000000000e+00 0.000000000000000000e+00 0.000000000000000000e+00 0.000000000000000000e+00 2.564028702969030089e-03 2.936300074787430350e-03 7.609716125277988163e-04
1.520000000000000000e+04 0.000000000000000000e+00 0.000000000000000000e+00 0.000000000000000000e+00 0.000000000000000000e+00 0.000000000000000000e+00 5.370800838779301830e-06 0.000000000000000000e+00 9.150296389932384145e-01 0.000000000000000000e+00 5.653297447228886403e-07 0.000000000000000000e+00 1.280750471404954773e-02 0.000000000000000000e+00 6.470398282585075600e-02 0.000000000000000000e+00 1.602128890840542663e-05 0.000000000000000000e+00 0.000000000000000000e+00 0.000000000000000000e+00 1.175615657085031865e-03 0.000000000000000000e+00 0.000000000000000000e+00 0.000000000000000000e+00 0.000000000000000000e+00 0.000000000000000000e+00 2.564028702969030089e-03 2.936300074787430350e-03 7.609716125277987079e-04
1.550000000000000000e+04 0.000000000000000000e+00 0.000000000000000000e+00 0.000000000000000000e+00 0.000000000000000000e+00 0.000000000000000000e+00 5.370800838779301830e-06 0.000000000000000000e+00 9.150296389932385255e-01 0.000000000000000000e+00 5.653297447228886403e-07 0.000000000000000000e+00 1.280750471404954946e-02 0.000000000000000000e+00 6.470398282585076988e-02 0.000000000000000000e+00 1.602128890840543002e-05 0.000000000000000000e+00 0.000000000000000000e+00 0.000000000000000000e+00 1.175615657085031648e-03 0.000000000000000000e+00 0.000000000000000000e+00 0.000000000000000000e+00 0.000000000000000000e+00 0.000000000000000000e+00 2.564028702969030522e-03 2.936300074787430783e-03 7.609716125277988163e-04
1.580000000000000000e+04 0.000000000000000000e+00 0.000000000000000000e+00 0.000000000000000000e+00 0.000000000000000000e+00 0.000000000000000000e+00 5.370800838779302677e-06 0.000000000000000000e+00 9.150296389932385255e-01 0.000000000000000000e+00 5.653297447228886403e-07 0.000000000000000000e+00 1.280750471404955119e-02 0.000000000000000000e+00 6.470398282585078376e-02 0.000000000000000000e+00 1.602128890840543341e-05 0.000000000000000000e+00 0.000000000000000000e+00 0.000000000000000000e+00 1.175615657085032299e-03 0.000000000000000000e+00 0.000000000000000000e+00 0.000000000000000000e+00 0.000000000000000000e+00 0.000000000000000000e+00 2.564028702969030089e-03 2.936300074787430783e-03 7.609716125277990332e-04
1.610000000000000000e+04 0.000000000000000000e+00 0.000000000000000000e+00 0.000000000000000000e+00 0.000000000000000000e+00 0.000000000000000000e+00 5.370800838779300983e-06 0.000000000000000000e+00 9.150296389932385255e-01 0.000000000000000000e+00 5.653297447228886403e-07 0.000000000000000000e+00 1.280750471404955119e-02 0.000000000000000000e+00 6.470398282585078376e-02 0.000000000000000000e+00 1.602128890840543002e-05 0.000000000000000000e+00 0.000000000000000000e+00 0.000000000000000000e+00 1.175615657085031865e-03 0.000000000000000000e+00 0.000000000000000000e+00 0.000000000000000000e+00 0.000000000000000000e+00 0.000000000000000000e+00 2.564028702969030522e-03 2.936300074787430350e-03 7.609716125277988163e-04
1.640000000000000000e+04 0.000000000000000000e+00 0.000000000000000000e+00 0.000000000000000000e+00 0.000000000000000000e+00 0.000000000000000000e+00 5.370800838779300983e-06 0.000000000000000000e+00 9.150296389932385255e-01 0.000000000000000000e+00 5.653297447228886403e-07 0.000000000000000000e+00 1.280750471404954773e-02 0.000000000000000000e+00 6.470398282585075600e-02 0.000000000000000000e+00 1.602128890840542663e-05 0.000000000000000000e+00 0.000000000000000000e+00 0.000000000000000000e+00 1.175615657085031648e-03 0.000000000000000000e+00 0.000000000000000000e+00 0.000000000000000000e+00 0.000000000000000000e+00 0.000000000000000000e+00 2.564028702969029655e-03 2.936300074787430350e-03 7.609716125277985995e-04
1.670000000000000000e+04 0.000000000000000000e+00 0.000000000000000000e+00 0.000000000000000000e+00 0.000000000000000000e+00 0.000000000000000000e+00 5.370800838779302677e-06 0.000000000000000000e+00 9.150296389932387475e-01 0.000000000000000000e+00 5.653297447228888521e-07 0.000000000000000000e+00 1.280750471404955640e-02 0.000000000000000000e+00 6.470398282585079763e-02 0.000000000000000000e+00 1.602128890840543341e-05 0.000000000000000000e+00 0.000000000000000000e+00 0.000000000000000000e+00 1.175615657085032299e-03 0.000000000000000000e+00 0.000000000000000000e+00 0.000000000000000000e+00 0.000000000000000000e+00 0.000000000000000000e+00 2.564028702969030956e-03 2.936300074787431651e-03 7.609716125277990332e-04
1.700000000000000000e+04 0.000000000000000000e+00 0.000000000000000000e+00 0.000000000000000000e+00 0.000000000000000000e+00 0.000000000000000000e+00 5.751319357324666953e-02 0.000000000000000000e+00 7.487859231228631840e-01 0.000000000000000000e+00 2.971324122992685321e-02 0.000000000000000000e+00 1.624954385486985786e-01 0.000000000000000000e+00 4.236685927130245450e-05 0.000000000000000000e+00 4.286630646501099441e-05 0.000000000000000000e+00 0.000000000000000000e+00 0.000000000000000000e+00 2.504824015600063888e-04 0.000000000000000000e+00 0.000000000000000000e+00 0.000000000000000000e+00 0.000000000000000000e+00 0.000000000000000000e+00 7.680343083342943073e-04 1.082241961393661954e-04 2.802294534947480506e-04
1.730000000000000000e+04 0.000000000000000000e+00 0.000000000000000000e+00 0.000000000000000000e+00 0.000000000000000000e+00 0.000000000000000000e+00 5.751319357324664872e-02 0.000000000000000000e+00 7.487859231228630730e-01 0.000000000000000000e+00 2.971324122992683933e-02 0.000000000000000000e+00 1.624954385486985231e-01 0.000000000000000000e+00 4.236685927130243417e-05 0.000000000000000000e+00 4.286630646501098086e-05 0.000000000000000000e+00 0.000000000000000000e+00 0.000000000000000000e+00 2.504824015600062262e-04 0.000000000000000000e+00 0.000000000000000000e+00 0.000000000000000000e+00 0.000000000000000000e+00 0.000000000000000000e+00 7.680343083342938736e-04 1.082241961393661547e-04 2.802294534947479421e-04
1.760000000000000000e+04 0.000000000000000000e+00 0.000000000000000000e+00 0.000000000000000000e+00 0.000000000000000000e+00 0.000000000000000000e+00 5.751319357324666259e-02 0.000000000000000000e+00 7.487859231228631840e-01 0.000000000000000000e+00 2.971324122992684627e-02 0.000000000000000000e+00 1.624954385486985786e-01 0.000000000000000000e+00 4.236685927130244772e-05 0.000000000000000000e+00 4.286630646501099441e-05 0.000000000000000000e+00 0.000000000000000000e+00 0.000000000000000000e+00 2.504824015600063346e-04 0.000000000000000000e+00 0.000000000000000000e+00 0.000000000000000000e+00 0.000000000000000000e+00 0.000000000000000000e+00 7.680343083342941989e-04 1.082241961393662089e-04 2.802294534947480506e-04
1.790000000000000000e+04 0.000000000000000000e+00 0.000000000000000000e+00 0.000000000000000000e+00 0.000000000000000000e+00 0.000000000000000000e+00 5.751319357324666953e-02 0.000000000000000000e+00 7.487859231228632950e-01 0.000000000000000000e+00 2.971324122992685321e-02 0.000000000000000000e+00 1.624954385486986064e-01 0.000000000000000000e+00 4.236685927130245450e-05 0.000000000000000000e+00 4.286630646501099441e-05 0.000000000000000000e+00 0.000000000000000000e+00 0.000000000000000000e+00 2.504824015600063888e-04 0.000000000000000000e+00 0.000000000000000000e+00 0.000000000000000000e+00 0.000000000000000000e+00 0.000000000000000000e+00 7.680343083342941989e-04 1.082241961393662225e-04 2.802294534947480506e-04
1.820000000000000000e+04 0.000000000000000000e+00 0.000000000000000000e+00 0.000000000000000000e+00 0.000000000000000000e+00 0.000000000000000000e+00 5.751319357324666953e-02 0.000000000000000000e+00 7.487859231228631840e-01 0.000000000000000000e+00 2.971324122992684974e-02 0.000000000000000000e+00 1.624954385486985786e-01 0.000000000000000000e+00 4.236685927130244095e-05 0.000000000000000000e+00 4.286630646501100118e-05 0.000000000000000000e+00 0.000000000000000000e+00 0.000000000000000000e+00 2.504824015600063346e-04 0.000000000000000000e+00 0.000000000000000000e+00 0.000000000000000000e+00 0.000000000000000000e+00 0.000000000000000000e+00 7.680343083342941989e-04 1.082241961393662089e-04 2.802294534947479964e-04
1.850000000000000000e+04 0.000000000000000000e+00 0.000000000000000000e+00 0.000000000000000000e+00 0.000000000000000000e+00 0.000000000000000000e+00 5.751319357324667647e-02 0.000000000000000000e+00 7.487859231228632950e-01 0.000000000000000000e+00 2.971324122992686015e-02 0.000000000000000000e+00 1.624954385486986064e-01 0.000000000000000000e+00 4.236685927130246128e-05 0.000000000000000000e+00 4.286630646501100118e-05 0.000000000000000000e+00 0.000000000000000000e+00 0.000000000000000000e+00 2.504824015600063888e-04 0.000000000000000000e+00 0.000000000000000000e+00 0.000000000000000000e+00 0.000000000000000000e+00 0.000000000000000000e+00 7.680343083342943073e-04 1.082241961393662225e-04 2.802294534947481048e-04
1.880000000000000000e+04 0.000000000000000000e+00 0.000000000000000000e+00 0.000000000000000000e+00 0.000000000000000000e+00 0.000000000000000000e+00 5.751319357324666259e-02 0.000000000000000000e+00 7.487859231228631840e-01 0.000000000000000000e+00 2.971324122992685668e-02 0.000000000000000000e+00 1.624954385486986064e-01 0.000000000000000000e+00 4.236685927130245450e-05 0.000000000000000000e+00 4.286630646501100118e-05 0.000000000000000000e+00 0.000000000000000000e+00 0.000000000000000000e+00 2.504824015600063888e-04 0.000000000000000000e+00 0.000000000000000000e+00 0.000000000000000000e+00 0.000000000000000000e+00 0.000000000000000000e+00 7.680343083342941989e-04 1.082241961393661954e-04 2.802294534947480506e-04
1.910000000000000000e+04 0.000000000000000000e+00 0.000000000000000000e+00 0.000000000000000000e+00 0.000000000000000000e+00 0.000000000000000000e+00 5.751319357324665565e-02 0.000000000000000000e+00 7.487859231228631840e-01 0.000000000000000000e+00 2.971324122992684974e-02 0.000000000000000000e+00 1.624954385486985786e-01 0.000000000000000000e+00 4.236685927130244772e-05 0.000000000000000000e+00 4.286630646501099441e-05 0.000000000000000000e+00 0.000000000000000000e+00 0.000000000000000000e+00 2.504824015600063888e-04 0.000000000000000000e+00 0.000000000000000000e+00 0.000000000000000000e+00 0.000000000000000000e+00 0.000000000000000000e+00 7.680343083342941989e-04 1.082241961393661954e-04 2.802294534947480506e-04
1.940000000000000000e+04 0.000000000000000000e+00 0.000000000000000000e+00 0.000000000000000000e+00 0.000000000000000000e+00 0.000000000000000000e+00 5.751319357324665565e-02 0.000000000000000000e+00 7.487859231228631840e-01 0.000000000000000000e+00 2.971324122992684974e-02 0.000000000000000000e+00 1.624954385486985786e-01 0.000000000000000000e+00 4.236685927130244772e-05 0.000000000000000000e+00 4.286630646501100118e-05 0.000000000000000000e+00 0.000000000000000000e+00 0.000000000000000000e+00 2.504824015600063888e-04 0.000000000000000000e+00 0.000000000000000000e+00 0.000000000000000000e+00 0.000000000000000000e+00 0.000000000000000000e+00 7.680343083342941989e-04 1.082241961393662089e-04 2.802294534947479964e-04
1.970000000000000000e+04 0.000000000000000000e+00 0.000000000000000000e+00 0.000000000000000000e+00 0.000000000000000000e+00 0.000000000000000000e+00 5.751319357324665565e-02 0.000000000000000000e+00 7.487859231228631840e-01 0.000000000000000000e+00 2.971324122992684974e-02 0.000000000000000000e+00 1.624954385486985786e-01 0.000000000000000000e+00 4.236685927130244772e-05 0.000000000000000000e+00 4.286630646501099441e-05 0.000000000000000000e+00 0.000000000000000000e+00 0.000000000000000000e+00 2.504824015600063346e-04 0.000000000000000000e+00 0.000000000000000000e+00 0.000000000000000000e+00 0.000000000000000000e+00 0.000000000000000000e+00 7.680343083342940904e-04 1.082241961393661954e-04 2.802294534947479964e-04
