3.500000000000000000e+03 0.000000000000000000e+00 0.000000000000000000e+00 0.000000000000000000e+00 0.000000000000000000e+00 0.000000000000000000e+00 9.014574035287428765e-06 0.000000000000000000e+00 1.690186821575519541e-02 0.000000000000000000e+00 2.358724330586430474e-06 0.000000000000000000e+00 2.179056874994800698e-04 0.000000000000000000e+00 4.457347201580860035e-02 0.000000000000000000e+00 1.614038585191220445e-04 0.000000000000000000e+00 0.000000000000000000e+00 0.000000000000000000e+00 2.274749706982023834e-02 0.000000000000000000e+00 0.000000000000000000e+00 0.000000000000000000e+00 0.000000000000000000e+00 0.000000000000000000e+00 2.796763847351670385e-01 2.194536256140583175e-01 4.162564695050060548e-01
3.800000000000000000e+03 0.000000000000000000e+00 0.000000000000000000e+00 0.000000000000000000e+00 0.000000000000000000e+00 0.000000000000000000e+00 9.014574035287432153e-06 0.000000000000000000e+00 1.690186821575520235e-02 0.000000000000000000e+00 2.358724330586431321e-06 0.000000000000000000e+00 2.179056874994801240e-04 0.000000000000000000e+00 4.457347201580860729e-02 0.000000000000000000e+00 1.614038585191220987e-04 0.000000000000000000e+00 0.000000000000000000e+00 0.000000000000000000e+00 2.274749706982024527e-02 0.000000000000000000e+00 0.000000000000000000e+00 0.000000000000000000e+00 0.000000000000000000e+00 0.000000000000000000e+00 2.796763847351670385e-01 2.194536256140583452e-01 4.162564695050061658e-01
4.100000000000000000e+03 0.000000000000000000e+00 0.000000000000000000e+00 0.000000000000000000e+00 0.000000000000000000e+00 0.000000000000000000e+00 9.014574035287430459e-06 0.000000000000000000e+00 1.690186821575519541e-02 0.000000000000000000e+00 2.358724330586430898e-06 0.000000000000000000e+00 2.179056874994801511e-04 0.000000000000000000e+00 4.457347201580859342e-02 0.000000000000000000e+00 1.614038585191220987e-04 0.000000000000000000e+00 0.000000000000000000e+00 0.000000000000000000e+00 2.274749706982024181e-02 0.000000000000000000e+00 0.000000000000000000e+00 0.000000000000000000e+00 0.000000000000000000e+00 0.000000000000000000e+00 2.796763847351669829e-01 2.194536256140583452e-01 4.162564695050061658e-01
4.400000000000000000e+03 0.000000000000000000e+00 0.000000000000000000e+00 0.000000000000000000e+00 0.000000000000000000e+00 0.000000000000000000e+00 9.014574035287430459e-06 0.000000000000000000e+00 1.690186821575519541e-02 0.000000000000000000e+00 2.358724330586430898e-06 0.000000000000000000e+00 2.179056874994800969e-04 0.000000000000000000e+00 4.457347201580859342e-02 0.000000000000000000e+00 1.614038585191220716e-04 0.000000000000000000e+00 0.000000000000000000e+00 0.000000000000000000e+00 2.274749706982024181e-02 0.000000000000000000e+00 0.000000000000000000e+00 0.000000000000000000e+00 0.000000000000000000e+00 0.000000000000000000e+00 2.796763847351669829e-01 2.194536256140583175e-01 4.162564695050061103e-01
4.700000000000000000e+03 0.000000000000000000e+00 0.000000000000000000e+00 0.000000000000000000e+00 0.000000000000000000e+00 0.000000000000000000e+00 9.014574035287430459e-06 0.000000000000000000e+00 1.690186821575519541e-02 0.000000000000000000e+00 2.358724330586430898e-06 0.000000000000000000e+00 2.179056874994800969e-04 0.000000000000000000e+00 4.457347201580859342e-02 0.000000000000000000e+00 1.614038585191220716e-04 0.000000000000000000e+00 0.000000000000000000e+00 0.000000000000000000e+00 2.274749706982024181e-02 0.000000000000000000e+00 0.000000000000000000e+00 0.000000000000000000e+00 0.000000000000000000e+00 0.000000000000000000e+00 2.796763847351670385e-01 2.194536256140583730e-01 4.162564695050061103e-01
5.000000000000000000e+03 0.000000000000000000e+00 0.000000000000000000e+00 0.000000000000000000e+00 0.000000000000000000e+00 0.000000000000000000e+00 9.014574035287430459e-06 0.000000000000000000e+00 1.690186821575519541e-02 0.000000000000000000e+00 2.358724330586430474e-06 0.000000000000000000e+00 2.179056874994800698e-04 0.000000000000000000e+00 4.457347201580859342e-02 0.000000000000000000e+00 1.614038585191220445e-04 0.000000000000000000e+00 0.000000000000000000e+00 0.000000000000000000e+00 2.274749706982023834e-02 0.000000000000000000e+00 0.000000000000000000e+00 0.000000000000000000e+00 0.000000000000000000e+00 0.000000000000000000e+00 2.796763847351669829e-01 2.194536256140583175e-01 4.162564695050061103e-01
5.300000000000000000e+03 0.000000000000000000e+00 0.000000000000000000e+00 0.000000000000000000e+00 0.000000000000000000e+00 0.000000000000000000e+00 9.014574035287430459e-06 0.000000000000000000e+00 1.690186821575519541e-02 0.000000000000000000e+00 2.358724330586430898e-06 0.000000000000000000e+00 2.179056874994800698e-04 0.000000000000000000e+00 4.457347201580859342e-02 0.000000000000000000e+00 1.614038585191220445e-04 0.000000000000000000e+00 0.000000000000000000e+00 0.000000000000000000e+00 2.274749706982024181e-02 0.000000000000000000e+00 0.000000000000000000e+00 0.000000000000000000e+00 0.000000000000000000e+00 0.000000000000000000e+00 2.796763847351669829e-01 2.194536256140583452e-01 4.162564695050061103e-01
5.600000000000000000e+03 0.000000000000000000e+00 0.000000000000000000e+00 0.000000000000000000e+00 0.000000000000000000e+00 0.000000000000000000e+00 9.014574035287430459e-06 0.000000000000000000e+00 1.690186821575519541e-02 0.000000000000000000e+00 2.358724330586430474e-06 0.000000000000000000e+00 2.179056874994800969e-04 0.000000000000000000e+00 4.457347201580860035e-02 0.000000000000000000e+00 1.614038585191220716e-04 0.000000000000000000e+00 0.000000000000000000e+00 0.000000000000000000e+00 2.274749706982024181e-02 0.000000000000000000e+00 0.000000000000000000e+00 0.000000000000000000e+00 0.000000000000000000e+00 0.000000000000000000e+00 2.796763847351669829e-01 2.194536256140583452e-01 4.162564695050061658e-01
5.900000000000000000e+03 0.000000000000000000e+00 0.000000000000000000e+00 0.000000000000000000e+00 0.000000000000000000e+00 0.000000000000000000e+00 9.014574035287430459e-06 0.000000000000000000e+00 1.690186821575519194e-02 0.000000000000000000e+00 2.358724330586430474e-06 0.000000000000000000e+00 2.179056874994800969e-04 0.000000000000000000e+00 4.457347201580859342e-02 0.000000000000000000e+00 1.614038585191220445e-04 0.000000000000000000e+00 0.000000000000000000e+00 0.000000000000000000e+00 2.274749706982023834e-02 0.000000000000000000e+00 0.000000000000000000e+00 0.000000000000000000e+00 0.000000000000000000e+00 0.000000000000000000e+00 2.796763847351669829e-01 2.194536256140583452e-01 4.162564695050061658e-01
6.200000000000000000e+03 0.000000000000000000e+00 0.000000000000000000e+00 0.000000000000000000e+00 0.000000000000000000e+00 0.000000000000000000e+00 9.014574035287430459e-06 0.000000000000000000e+00 1.690186821575519541e-02 0.000000000000000000e+00 2.358724330586430474e-06 0.000000000000000000e+00 2.179056874994801240e-04 0.000000000000000000e+00 4.457347201580860035e-02 0.000000000000000000e+00 1.614038585191220716e-04 0.000000000000000000e+00 0.000000000000000000e+00 0.000000000000000000e+00 2.274749706982024527e-02 0.000000000000000000e+00 0.000000000000000000e+00 0.000000000000000000e+00 0.000000000000000000e+00 0.000000000000000000e+00 2.796763847351670385e-01 2.194536256140583452e-01 4.162564695050061658e-01
6.500000000000000000e+03 0.000000000000000000e+00 0.000000000000000000e+00 0.000000000000000000e+00 0.000000000000000000e+00 0.000000000000000000e+00 9.014574035287432153e-06 0.000000000000000000e+00 1.690186821575519888e-02 0.000000000000000000e+00 2.358724330586431321e-06 0.000000000000000000e+00 2.179056874994800969e-04 0.000000000000000000e+00 4.457347201580860035e-02 0.000000000000000000e+00 1.614038585191220987e-04 0.000000000000000000e+00 0.000000000000000000e+00 0.000000000000000000e+00 2.274749706982023834e-02 0.000000000000000000e+00 0.000000000000000000e+00 0.000000000000000000e+00 0.000000000000000000e+00 0.000000000000000000e+00 2.796763847351670385e-01 2.194536256140583452e-01 4.162564695050061658e-01
6.800000000000000000e+03 0.000000000000000000e+00 0.000000000000000000e+00 0.000000000000000000e+00 0.000000000000000000e+00 0.000000000000000000e+00 9.014574035287428765e-06 0.000000000000000000e+00 1.690186821575519541e-02 0.000000000000000000e+00 2.358724330586430898e-06 0.000000000000000000e+00 2.179056874994800698e-04 0.000000000000000000e+00 4.457347201580859342e-02 0.000000000000000000e+00 1.614038585191220716e-04 0.000000000000000000e+00 0.000000000000000000e+00 0.000000000000000000e+00 2.274749706982023834e-02 0.000000000000000000e+00 0.000000000000000000e+00 0.000000000000000000e+00 0.000000000000000000e+00 0.000000000000000000e+00 2.796763847351669829e-01 2.194536256140583175e-01 4.162564695050061658e-01
7.100000000000000000e+03 0.000000000000000000e+00 0.000000000000000000e+00 0.000000000000000000e+00 0.000000000000000000e+00 0.000000000000000000e+00 9.994383409101979202e-06 0.000000000000000000e+00 1.941758744730092204e-02 0.000000000000000000e+00 2.809742091307475369e-06 0.000000000000000000e+00 6.031384798326776091e-03 0.000000000000000000e+00 3.634021722879614003e-01 0.000000000000000000e+00 1.571986689213258773e-03 0.000000000000000000e+00 0.000000000000000000e+00 0.000000000000000000e+00 5.793522794145080507e-02 0.000000000000000000e+00 0.000000000000000000e+00 0.000000000000000000e+00 0.000000000000000000e+00 0.000000000000000000e+00 2.851614616880918662e-01 2.307556600884627107e-01 3.571171493369194871e-02
7.400000000000000000e+03 0.000000000000000000e+00 0.000000000000000000e+00 0.000000000000000000e+00 0.000000000000000000e+00 0.000000000000000000e+00 9.994383409101979202e-06 0.000000000000000000e+00 1.941758744730092204e-02 0.000000000000000000e+00 2.809742091307474945e-06 0.000000000000000000e+00 6.031384798326776958e-03 0.000000000000000000e+00 3.634021722879614003e-01 0.000000000000000000e+00 1.571986689213258556e-03 0.000000000000000000e+00 0.000000000000000000e+00 0.000000000000000000e+00 5.793522794145079813e-02 0.000000000000000000e+00 0.000000000000000000e+00 0.000000000000000000e+00 0.000000000000000000e+00 0.000000000000000000e+00 2.851614616880918662e-01 2.307556600884626552e-01 3.571171493369194178e-02
7.700000000000000000e+03 0.000000000000000000e+00 0.000000000000000000e+00 0.000000000000000000e+00 0.000000000000000000e+00 0.000000000000000000e+00 9.994383409101979202e-06 0.000000000000000000e+00 1.941758744730091857e-02 0.000000000000000000e+00 2.809742091307474522e-06 0.000000000000000000e+00 6.031384798326776958e-03 0.000000000000000000e+00 3.634021722879613447e-01 0.000000000000000000e+00 1.571986689213258339e-03 0.000000000000000000e+00 0.000000000000000000e+00 0.000000000000000000e+00 5.793522794145079813e-02 0.000000000000000000e+00 0.000000000000000000e+00 0.000000000000000000e+00 0.000000000000000000e+00 0.000000000000000000e+00 2.851614616880918662e-01 2.307556600884626830e-01 3.571171493369194178e-02
8.000000000000000000e+03 0.000000000000000000e+00 0.000000000000000000e+00 0.000000000000000000e+00 0.000000000000000000e+00 0.000000000000000000e+00 9.994383409101977508e-06 0.000000000000000000e+00 1.941758744730092204e-02 0.000000000000000000e+00 2.809742091307474522e-06 0.000000000000000000e+00 6.031384798326776958e-03 0.000000000000000000e+00 3.634021722879614003e-01 0.000000000000000000e+00 1.571986689213258556e-03 0.000000000000000000e+00 0.000000000000000000e+00 0.000000000000000000e+00 5.793522794145079119e-02 0.000000000000000000e+00 0.000000000000000000e+00 0.000000000000000000e+00 0.000000000000000000e+00 0.000000000000000000e+00 2.851614616880918662e-01 2.307556600884626830e-01 3.571171493369194178e-02
8.300000000000000000e+03 0.000000000000000000e+00 0.000000000000000000e+00 0.000000000000000000e+00 0.000000000000000000e+00 0.000000000000000000e+00 9.994383409101977508e-06 0.000000000000000000e+00 1.941758744730091510e-02 0.000000000000000000e+00 2.809742091307474522e-06 0.000000000000000000e+00 6.031384798326776958e-03 0.000000000000000000e+00 3.634021722879614003e-01 0.000000000000000000e+00 1.571986689213258339e-03 0.000000000000000000e+00 0.000000000000000000e+00 0.000000000000000000e+00 5.793522794145078425e-02 0.000000000000000000e+00 0.000000000000000000e+00 0.000000000000000000e+00 0.000000000000000000e+00 0.000000000000000000e+00 2.851614616880918107e-01 2.307556600884626552e-01 3.571171493369194178e-02
8.600000000000000000e+03 0.000000000000000000e+00 0.000000000000000000e+00 0.000000000000000000e+00 0.000000000000000000e+00 0.000000000000000000e+00 9.994383409101979202e-06 0.000000000000000000e+00 1.941758744730092551e-02 0.000000000000000000e+00 2.809742091307474945e-06 0.000000000000000000e+00 6.031384798326777825e-03 0.000000000000000000e+00 3.634021722879614003e-01 0.000000000000000000e+00 1.571986689213258773e-03 0.000000000000000000e+00 0.000000000000000000e+00 0.000000000000000000e+00 5.793522794145079813e-02 0.000000000000000000e+00 0.000000000000000000e+00 0.000000000000000000e+00 0.000000000000000000e+00 0.000000000000000000e+00 2.851614616880919217e-01 2.307556600884627385e-01 3.571171493369194871e-02
8.900000000000000000e+03 0.000000000000000000e+00 0.000000000000000000e+00 0.000000000000000000e+00 0.000000000000000000e+00 0.000000000000000000e+00 9.994383409101977508e-06 0.000000000000000000e+00 1.941758744730091857e-02 0.000000000000000000e+00 2.809742091307474098e-06 0.000000000000000000e+00 6.031384798326776091e-03 0.000000000000000000e+00 3.634021722879613447e-01 0.000000000000000000e+00 1.571986689213258339e-03 0.000000000000000000e+00 0.000000000000000000e+00 0.000000000000000000e+00 5.793522794145078425e-02 0.000000000000000000e+00 0.000000000000000000e+00 0.000000000000000000e+00 0.000000000000000000e+00 0.000000000000000000e+00 2.851614616880918107e-01 2.307556600884626552e-01 3.571171493369193484e-02
9.200000000000000000e+03 0.000000000000000000e+00 0.000000000000000000e+00 0.000000000000000000e+00 0.000000000000000000e+00 0.000000000000000000e+00 9.994383409101975814e-06 0.000000000000000000e+00 1.941758744730091857e-02 0.000000000000000000e+00 2.809742091307474522e-06 0.000000000000000000e+00 6.031384798326776091e-03 0.000000000000000000e+00 3.634021722879612892e-01 0.000000000000000000e+00 1.571986689213258556e-03 0.000000000000000000e+00 0.000000000000000000e+00 0.000000000000000000e+00 5.793522794145080507e-02 0.000000000000000000e+00 0.000000000000000000e+00 0.000000000000000000e+00 0.000000000000000000e+00 0.000000000000000000e+00 2.851614616880918662e-01 2.307556600884626274e-01 3.571171493369193484e-02
9.500000000000000000e+03 0.000000000000000000e+00 0.000000000000000000e+00 0.000000000000000000e+00 0.000000000000000000e+00 0.000000000000000000e+00 9.994383409101977508e-06 0.000000000000000000e+00 1.941758744730092204e-02 0.000000000000000000e+00 2.809742091307474522e-06 0.000000000000000000e+00 6.031384798326776091e-03 0.000000000000000000e+00 3.634021722879614003e-01 0.000000000000000000e+00 1.571986689213258339e-03 0.000000000000000000e+00 0.000000000000000000e+00 0.000000000000000000e+00 5.793522794145079813e-02 0.000000000000000000e+00 0.000000000000000000e+00 0.000000000000000000e+00 0.000000000000000000e+00 0.000000000000000000e+00 2.851614616880918107e-01 2.307556600884626830e-01 3.571171493369193484e-02
9.800000000000000000e+03 0.000000000000000000e+00 0.000000000000000000e+00 0.000000000000000000e+00 0.000000000000000000e+00 0.000000000000000000e+00 9.994383409101975814e-06 0.000000000000000000e+00 1.941758744730091510e-02 0.000000000000000000e+00 2.809742091307473675e-06 0.000000000000000000e+00 6.031384798326775223e-03 0.000000000000000000e+00 3.634021722879613447e-01 0.000000000000000000e+00 1.571986689213258339e-03 0.000000000000000000e+00 0.000000000000000000e+00 0.000000000000000000e+00 5.793522794145078425e-02 0.000000000000000000e+00 0.000000000000000000e+00 0.000000000000000000e+00 0.000000000000000000e+00 0.000000000000000000e+00 2.851614616880918107e-01 2.307556600884626552e-01 3.571171493369193484e-02
1.010000000000000000e+04 0.000000000000000000e+00 0.000000000000000000e+00 0.000000000000000000e+00 0.000000000000000000e+00 0.000000000000000000e+00 4.288387870300746391e-06 0.000000000000000000e+00 6.115965666796584210e-03 0.000000000000000000e+00 9.767391928939695612e-07 0.000000000000000000e+00 1.500028132779833712e-01 0.000000000000000000e+00 5.846739058285536084e-01 0.000000000000000000e+00 1.087931117180635371e-01 0.000000000000000000e+00 0.000000000000000000e+00 0.000000000000000000e+00 8.419051911109008690e-02 0.000000000000000000e+00 0.000000000000000000e+00 0.000000000000000000e+00 0.000000000000000000e+00 0.000000000000000000e+00 3.545816673621362408e-02 2.689505827257048301e-02 3.865194261665737003e-03
1.040000000000000000e+04 0.000000000000000000e+00 0.000000000000000000e+00 0.000000000000000000e+00 0.000000000000000000e+00 0.000000000000000000e+00 4.288387870300745543e-06 0.000000000000000000e+00 6.115965666796582476e-03 0.000000000000000000e+00 9.767391928939691377e-07 0.000000000000000000e+00 1.500028132779833157e-01 0.000000000000000000e+00 5.846739058285534973e-01 0.000000000000000000e+00 1.087931117180634955e-01 0.000000000000000000e+00 0.000000000000000000e+00 0.000000000000000000e+00 8.419051911109004527e-02 0.000000000000000000e+00 0.000000000000000000e+00 0.000000000000000000e+00 0.000000000000000000e+00 0.000000000000000000e+00 3.545816673621361020e-02 2.689505827257047260e-02 3.865194261665735268e-03
1.070000000000000000e+04 0.000000000000000000e+00 0.000000000000000000e+00 0.000000000000000000e+00 0.000000000000000000e+00 0.000000000000000000e+00 4.288387870300745543e-06 0.000000000000000000e+00 6.115965666796583343e-03 0.000000000000000000e+00 9.767391928939693495e-07 0.000000000000000000e+00 1.500028132779833434e-01 0.000000000000000000e+00 5.846739058285533863e-01 0.000000000000000000e+00 1.087931117180635093e-01 0.000000000000000000e+00 0.000000000000000000e+00 0.000000000000000000e+00 8.419051911109005915e-02 0.000000000000000000e+00 0.000000000000000000e+00 0.000000000000000000e+00 0.000000000000000000e+00 0.000000000000000000e+00 3.545816673621361020e-02 2.689505827257047260e-02 3.865194261665735702e-03
1.100000000000000000e+04 0.000000000000000000e+00 0.000000000000000000e+00 0.000000000000000000e+00 0.000000000000000000e+00 0.000000000000000000e+00 4.288387870300745543e-06 0.000000000000000000e+00 6.115965666796583343e-03 0.000000000000000000e+00 9.767391928939691377e-07 0.000000000000000000e+00 1.500028132779833157e-01 0.000000000000000000e+00 5.846739058285534973e-01 0.000000000000000000e+00 1.087931117180634816e-01 0.000000000000000000e+00 0.000000000000000000e+00 0.000000000000000000e+00 8.419051911109007302e-02 0.000000000000000000e+00 0.000000000000000000e+00 0.000000000000000000e+00 0.000000000000000000e+00 0.000000000000000000e+00 3.545816673621361714e-02 2.689505827257047954e-02 3.865194261665734834e-03
1.130000000000000000e+04 0.000000000000000000e+00 0.000000000000000000e+00 0.000000000000000000e+00 0.000000000000000000e+00 0.000000000000000000e+00 4.288387870300744696e-06 0.000000000000000000e+00 6.115965666796582476e-03 0.000000000000000000e+00 9.767391928939691377e-07 0.000000000000000000e+00 1.500028132779833157e-01 0.000000000000000000e+00 5.846739058285533863e-01 0.000000000000000000e+00 1.087931117180635093e-01 0.000000000000000000e+00 0.000000000000000000e+00 0.000000000000000000e+00 8.419051911109005915e-02 0.000000000000000000e+00 0.000000000000000000e+00 0.000000000000000000e+00 0.000000000000000000e+00 0.000000000000000000e+00 3.545816673621361714e-02 2.689505827257048301e-02 3.865194261665735702e-03
1.160000000000000000e+04 0.000000000000000000e+00 0.000000000000000000e+00 0.000000000000000000e+00 0.000000000000000000e+00 0.000000000000000000e+00 4.288387870300745543e-06 0.000000000000000000e+00 6.115965666796584210e-03 0.000000000000000000e+00 9.767391928939693495e-07 0.000000000000000000e+00 1.500028132779833434e-01 0.000000000000000000e+00 5.846739058285534973e-01 0.000000000000000000e+00 1.087931117180635232e-01 0.000000000000000000e+00 0.000000000000000000e+00 0.000000000000000000e+00 8.419051911109005915e-02 0.000000000000000000e+00 0.000000000000000000e+00 0.000000000000000000e+00 0.000000000000000000e+00 0.000000000000000000e+00 3.545816673621361714e-02 2.689505827257047954e-02 3.865194261665736136e-03
1.190000000000000000e+04 0.000000000000000000e+00 0.000000000000000000e+00 0.000000000000000000e+00 0.000000000000000000e+00 0.000000000000000000e+00 4.288387870300745543e-06 0.000000000000000000e+00 6.115965666796582476e-03 0.000000000000000000e+00 9.767391928939691377e-07 0.000000000000000000e+00 1.500028132779833434e-01 0.000000000000000000e+00 5.846739058285533863e-01 0.000000000000000000e+00 1.087931117180634955e-01 0.000000000000000000e+00 0.000000000000000000e+00 0.000000000000000000e+00 8.419051911109005915e-02 0.000000000000000000e+00 0.000000000000000000e+00 0.000000000000000000e+00 0.000000000000000000e+00 0.000000000000000000e+00 3.545816673621361714e-02 2.689505827257047607e-02 3.865194261665735268e-03
1.220000000000000000e+04 0.000000000000000000e+00 0.000000000000000000e+00 0.000000000000000000e+00 0.000000000000000000e+00 0.000000000000000000e+00 4.288387870300745543e-06 0.000000000000000000e+00 6.115965666796582476e-03 0.000000000000000000e+00 9.767391928939693495e-07 0.000000000000000000e+00 1.500028132779833434e-01 0.000000000000000000e+00 5.846739058285533863e-01 0.000000000000000000e+00 1.087931117180634955e-01 0.000000000000000000e+00 0.000000000000000000e+00 0.000000000000000000e+00 8.419051911109004527e-02 0.000000000000000000e+00 0.000000000000000000e+00 0.000000000000000000e+00 0.000000000000000000e+00 0.000000000000000000e+00 3.545816673621361020e-02 2.689505827257047607e-02 3.865194261665735702e-03
1.250000000000000000e+04 0.000000000000000000e+00 0.000000000000000000e+00 0.000000000000000000e+00 0.000000000000000000e+00 0.000000000000000000e+00 4.288387870300745543e-06 0.000000000000000000e+00 6.115965666796582476e-03 0.000000000000000000e+00 9.767391928939691377e-07 0.000000000000000000e+00 1.500028132779833434e-01 0.000000000000000000e+00 5.846739058285533863e-01 0.000000000000000000e+00 1.087931117180634955e-01 0.000000000000000000e+00 0.000000000000000000e+00 0.000000000000000000e+00 8.419051911109004527e-02 0.000000000000000000e+00 0.000000000000000000e+00 0.000000000000000000e+00 0.000000000000000000e+00 0.000000000000000000e+00 3.545816673621361714e-02 2.689505827257047607e-02 3.865194261665735268e-03
1.280000000000000000e+04 0.000000000000000000e+00 0.000000000000000000e+00 0.000000000000000000e+00 0.000000000000000000e+00 0.000000000000000000e+00 4.288387870300747238e-06 0.000000000000000000e+00 6.115965666796584210e-03 0.000000000000000000e+00 9.767391928939695612e-07 0.000000000000000000e+00 1.500028132779833712e-01 0.000000000000000000e+00 5.846739058285534973e-01 0.000000000000000000e+00 1.087931117180635232e-01 0.000000000000000000e+00 0.000000000000000000e+00 0.000000000000000000e+00 8.419051911109007302e-02 0.000000000000000000e+00 0.000000000000000000e+00 0.000000000000000000e+00 0.000000000000000000e+00 0.000000000000000000e+00 3.545816673621361714e-02 2.689505827257048301e-02 3.865194261665736569e-03
1.310000000000000000e+04 0.000000000000000000e+00 0.000000000000000000e+00 0.000000000000000000e+00 0.000000000000000000e+00 0.000000000000000000e+00 4.952760932367928653e-06 0.000000000000000000e+00 9.548973678981502733e-01 0.000000000000000000e+00 4.688061763078985136e-07 0.000000000000000000e+00 1.008691256048123951e-02 0.000000000000000000e+00 2.961792685836412559e-02 0.000000000000000000e+00 1.486420632720223473e-05 0.000000000000000000e+00 0.000000000000000000e+00 0.000000000000000000e+00 8.370889590914304531e-04 0.000000000000000000e+00 0.000000000000000000e+00 0.000000000000000000e+00 0.000000000000000000e+00 0.000000000000000000e+00 1.722592352067268354e-03 2.300567146118732455e-03 5.172584522910449352e-04
1.340000000000000000e+04 0.000000000000000000e+00 0.000000000000000000e+00 0.000000000000000000e+00 0.000000000000000000e+00 0.000000000000000000e+00 4.952760932367929500e-06 0.000000000000000000e+00 9.548973678981502733e-01 0.000000000000000000e+00 4.688061763078986195e-07 0.000000000000000000e+00 1.008691256048124124e-02 0.000000000000000000e+00 2.961792685836412559e-02 0.000000000000000000e+00 1.486420632720223981e-05 0.000000000000000000e+00 0.000000000000000000e+00 0.000000000000000000e+00 8.370889590914302363e-04 0.000000000000000000e+00 0.000000000000000000e+00 0.000000000000000000e+00 0.000000000000000000e+00 0.000000000000000000e+00 1.722592352067268788e-03 2.300567146118732455e-03 5.172584522910450436e-04
1.370000000000000000e+04 0.000000000000000000e+00 0.000000000000000000e+00 0.000000000000000000e+00 0.000000000000000000e+00 0.000000000000000000e+00 4.952760932367929500e-06 0.000000000000000000e+00 9.548973678981503843e-01 0.000000000000000000e+00 4.688061763078985666e-07 0.000000000000000000e+00 1.008691256048124124e-02 0.000000000000000000e+00 2.961792685836411865e-02 0.000000000000000000e+00 1.486420632720223981e-05 0.000000000000000000e+00 0.000000000000000000e+00 0.000000000000000000e+00 8.370889590914304531e-04 0.000000000000000000e+00 0.000000000000000000e+00 0.000000000000000000e+00 0.000000000000000000e+00 0.000000000000000000e+00 1.722592352067268571e-03 2.300567146118732455e-03 5.172584522910450436e-04
1.400000000000000000e+04 0.000000000000000000e+00 0.000000000000000000e+00 0.000000000000000000e+00 0.000000000000000000e+00 0.000000000000000000e+00 4.952760932367929500e-06 0.000000000000000000e+00 9.548973678981502733e-01 0.000000000000000000e+00 4.688061763078985136e-07 0.000000000000000000e+00 1.008691256048123951e-02 0.000000000000000000e+00 2.961792685836412212e-02 0.000000000000000000e+00 1.486420632720223642e-05 0.000000000000000000e+00 0.000000000000000000e+00 0.000000000000000000e+00 8.370889590914302363e-04 0.000000000000000000e+00 0.000000000000000000e+00 0.000000000000000000e+00 0.000000000000000000e+00 0.000000000000000000e+00 1.722592352067268571e-03 2.300567146118732021e-03 5.172584522910449352e-04
1.430000000000000000e+04 0.000000000000000000e+00 0.000000000000000000e+00 0.000000000000000000e+00 0.000000000000000000e+00 0.000000000000000000e+00 4.952760932367929500e-06 0.000000000000000000e+00 9.548973678981502733e-01 0.000000000000000000e+00 4.688061763078985136e-07 0.000000000000000000e+00 1.008691256048123951e-02 0.000000000000000000e+00 2.961792685836412559e-02 0.000000000000000000e+00 1.486420632720223473e-05 0.000000000000000000e+00 0.000000000000000000e+00 0.000000000000000000e+00 8.370889590914302363e-04 0.000000000000000000e+00 0.000000000000000000e+00 0.000000000000000000e+00 0.000000000000000000e+00 0.000000000000000000e+00 1.722592352067268354e-03 2.300567146118732021e-03 5.172584522910449352e-04
1.460000000000000000e+04 0.000000000000000000e+00 0.000000000000000000e+00 0.000000000000000000e+00 0.000000000000000000e+00 0.000000000000000000e+00 4.952760932367928653e-06 0.000000000000000000e+00 9.548973678981501623e-01 0.000000000000000000e+00 4.688061763078985666e-07 0.000000000000000000e+00 1.008691256048123951e-02 0.000000000000000000e+00 2.961792685836412559e-02 0.000000000000000000e+00 1.486420632720223473e-05 0.000000000000000000e+00 0.000000000000000000e+00 0.000000000000000000e+00 8.370889590914302363e-04 0.000000000000000000e+00 0.000000000000000000e+00 0.000000000000000000e+00 0.000000000000000000e+00 0.000000000000000000e+00 1.722592352067268354e-03 2.300567146118732021e-03 5.172584522910449352e-04
1.490000000000000000e+04 0.000000000000000000e+00 0.000000000000000000e+00 0.000000000000000000e+00 0.000000000000000000e+00 0.000000000000000000e+00 4.952760932367930347e-06 0.000000000000000000e+00 9.548973678981503843e-01 0.000000000000000000e+00 4.688061763078985666e-07 0.000000000000000000e+00 1.008691256048124298e-02 0.000000000000000000e+00 2.961792685836412906e-02 0.000000000000000000e+00 1.486420632720224150e-05 0.000000000000000000e+00 0.000000000000000000e+00 0.000000000000000000e+00 8.370889590914304531e-04 0.000000000000000000e+00 0.000000000000000000e+00 0.000000000000000000e+00 0.000000000000000000e+00 0.000000000000000000e+00 1.722592352067268788e-03 2.300567146118732888e-03 5.172584522910451520e-04
1.520000000000000000e+04 0.000000000000000000e+00 0.000000000000000000e+00 0.000000000000000000e+00 0.000000000000000000e+00 0.000000000000000000e+00 4.952760932367928653e-06 0.000000000000000000e+00 9.548973678981499402e-01 0.000000000000000000e+00 4.688061763078984078e-07 0.000000000000000000e+00 1.008691256048123951e-02 0.000000000000000000e+00 2.961792685836411171e-02 0.000000000000000000e+00 1.486420632720223303e-05 0.000000000000000000e+00 0.000000000000000000e+00 0.000000000000000000e+00 8.370889590914302363e-04 0.000000000000000000e+00 0.000000000000000000e+00 0.000000000000000000e+00 0.000000000000000000e+00 0.000000000000000000e+00 1.722592352067267921e-03 2.300567146118731587e-03 5.172584522910449352e-04
1.550000000000000000e+04 0.000000000000000000e+00 0.000000000000000000e+00 0.000000000000000000e+00 0.000000000000000000e+00 0.000000000000000000e+00 4.952760932367929500e-06 0.000000000000000000e+00 9.548973678981502733e-01 0.000000000000000000e+00 4.688061763078985136e-07 0.000000000000000000e+00 1.008691256048123951e-02 0.000000000000000000e+00 2.961792685836412212e-02 0.000000000000000000e+00 1.486420632720223642e-05 0.000000000000000000e+00 0.000000000000000000e+00 0.000000000000000000e+00 8.370889590914303447e-04 0.000000000000000000e+00 0.000000000000000000e+00 0.000000000000000000e+00 0.000000000000000000e+00 0.000000000000000000e+00 1.722592352067268354e-03 2.300567146118732455e-03 5.172584522910450436e-04
1.580000000000000000e+04 0.000000000000000000e+00 0.000000000000000000e+00 0.000000000000000000e+00 0.000000000000000000e+00 0.000000000000000000e+00 4.952760932367929500e-06 0.000000000000000000e+00 9.548973678981502733e-01 0.000000000000000000e+00 4.688061763078984607e-07 0.000000000000000000e+00 1.008691256048123951e-02 0.000000000000000000e+00 2.961792685836412212e-02 0.000000000000000000e+00 1.486420632720223642e-05 0.000000000000000000e+00 0.000000000000000000e+00 0.000000000000000000e+00 8.370889590914302363e-04 0.000000000000000000e+00 0.000000000000000000e+00 0.000000000000000000e+00 0.000000000000000000e+00 0.000000000000000000e+00 1.722592352067268571e-03 2.300567146118732455e-03 5.172584522910449352e-04
1.610000000000000000e+04 0.000000000000000000e+00 0.000000000000000000e+00 0.000000000000000000e+00 0.000000000000000000e+00 0.000000000000000000e+00 4.952760932367929500e-06 0.000000000000000000e+00 9.548973678981503843e-01 0.000000000000000000e+00 4.688061763078986195e-07 0.000000000000000000e+00 1.008691256048124124e-02 0.000000000000000000e+00 2.961792685836412212e-02 0.000000000000000000e+00 1.486420632720223812e-05 0.000000000000000000e+00 0.000000000000000000e+00 0.000000000000000000e+00 8.370889590914303447e-04 0.000000000000000000e+00 0.000000000000000000e+00 0.000000000000000000e+00 0.000000000000000000e+00 0.000000000000000000e+00 1.722592352067268354e-03 2.300567146118732455e-03 5.172584522910450436e-04
1.640000000000000000e+04 0.000000000000000000e+00 0.000000000000000000e+00 0.000000000000000000e+00 0.000000000000000000e+00 0.000000000000000000e+00 4.952760932367930347e-06 0.000000000000000000e+00 9.548973678981503843e-01 0.000000000000000000e+00 4.688061763078986195e-07 0.000000000000000000e+00 1.008691256048124124e-02 0.000000000000000000e+00 2.961792685836412559e-02 0.000000000000000000e+00 1.486420632720223812e-05 0.000000000000000000e+00 0.000000000000000000e+00 0.000000000000000000e+00 8.370889590914303447e-04 0.000000000000000000e+00 0.000000000000000000e+00 0.000000000000000000e+00 0.000000000000000000e+00 0.000000000000000000e+00 1.722592352067268788e-03 2.300567146118732455e-03 5.172584522910450436e-04
1.670000000000000000e+04 0.000000000000000000e+00 0.000000000000000000e+00 0.000000000000000000e+00 0.000000000000000000e+00 0.000000000000000000e+00 4.952760932367929500e-06 0.000000000000000000e+00 9.548973678981501623e-01 0.000000000000000000e+00 4.688061763078984607e-07 0.000000000000000000e+00 1.008691256048123951e-02 0.000000000000000000e+00 2.961792685836411865e-02 0.000000000000000000e+00 1.486420632720223642e-05 0.000000000000000000e+00 0.000000000000000000e+00 0.000000000000000000e+00 8.370889590914301279e-04 0.000000000000000000e+00 0.000000000000000000e+00 0.000000000000000000e+00 0.000000000000000000e+00 0.000000000000000000e+00 1.722592352067268138e-03 2.300567146118732021e-03 5.172584522910449352e-04
1.700000000000000000e+04 0.000000000000000000e+00 0.000000000000000000e+00 0.000000000000000000e+00 0.000000000000000000e+00 0.000000000000000000e+00 4.484381377008666431e-02 0.000000000000000000e+00 8.180708189971394040e-01 0.000000000000000000e+00 2.131324777631412107e-02 0.000000000000000000e+00 1.149271404409445280e-01 0.000000000000000000e+00 2.740257430266919178e-05 0.000000000000000000e+00 2.518968617511665754e-05 0.000000000000000000e+00 0.000000000000000000e+00 0.000000000000000000e+00 8.443676600953197147e-05 0.000000000000000000e+00 0.000000000000000000e+00 0.000000000000000000e+00 0.000000000000000000e+00 0.000000000000000000e+00 4.399639185147055675e-04 6.871490362041031549e-05 1.992711668928989115e-04
1.730000000000000000e+04 0.000000000000000000e+00 0.000000000000000000e+00 0.000000000000000000e+00 0.000000000000000000e+00 0.000000000000000000e+00 4.484381377008665737e-02 0.000000000000000000e+00 8.180708189971392930e-01 0.000000000000000000e+00 2.131324777631412107e-02 0.000000000000000000e+00 1.149271404409445141e-01 0.000000000000000000e+00 2.740257430266918840e-05 0.000000000000000000e+00 2.518968617511665754e-05 0.000000000000000000e+00 0.000000000000000000e+00 0.000000000000000000e+00 8.443676600953195792e-05 0.000000000000000000e+00 0.000000000000000000e+00 0.000000000000000000e+00 0.000000000000000000e+00 0.000000000000000000e+00 4.399639185147055675e-04 6.871490362041031549e-05 1.992711668928988844e-04
1.760000000000000000e+04 0.000000000000000000e+00 0.000000000000000000e+00 0.000000000000000000e+00 0.000000000000000000e+00 0.000000000000000000e+00 4.484381377008665737e-02 0.000000000000000000e+00 8.180708189971394040e-01 0.000000000000000000e+00 2.131324777631412107e-02 0.000000000000000000e+00 1.149271404409445280e-01 0.000000000000000000e+00 2.740257430266919517e-05 0.000000000000000000e+00 2.518968617511665754e-05 0.000000000000000000e+00 0.000000000000000000e+00 0.000000000000000000e+00 8.443676600953195792e-05 0.000000000000000000e+00 0.000000000000000000e+00 0.000000000000000000e+00 0.000000000000000000e+00 0.000000000000000000e+00 4.399639185147056217e-04 6.871490362041031549e-05 1.992711668928988573e-04
1.790000000000000000e+04 0.000000000000000000e+00 0.000000000000000000e+00 0.000000000000000000e+00 0.000000000000000000e+00 0.000000000000000000e+00 4.484381377008665737e-02 0.000000000000000000e+00 8.180708189971392930e-01 0.000000000000000000e+00 2.131324777631411760e-02 0.000000000000000000e+00 1.149271404409445002e-01 0.000000000000000000e+00 2.740257430266918501e-05 0.000000000000000000e+00 2.518968617511665754e-05 0.000000000000000000e+00 0.000000000000000000e+00 0.000000000000000000e+00 8.443676600953197147e-05 0.000000000000000000e+00 0.000000000000000000e+00 0.000000000000000000e+00 0.000000000000000000e+00 0.000000000000000000e+00 4.399639185147055133e-04 6.871490362041030194e-05 1.992711668928989115e-04
1.820000000000000000e+04 0.000000000000000000e+00 0.000000000000000000e+00 0.000000000000000000e+00 0.000000000000000000e+00 0.000000000000000000e+00 4.484381377008666431e-02 0.000000000000000000e+00 8.180708189971394040e-01 0.000000000000000000e+00 2.131324777631411760e-02 0.000000000000000000e+00 1.149271404409445280e-01 0.000000000000000000e+00 2.740257430266919517e-05 0.000000000000000000e+00 2.518968617511665754e-05 0.000000000000000000e+00 0.000000000000000000e+00 0.000000000000000000e+00 8.443676600953198502e-05 0.000000000000000000e+00 0.000000000000000000e+00 0.000000000000000000e+00 0.000000000000000000e+00 0.000000000000000000e+00 4.399639185147055675e-04 6.871490362041031549e-05 1.992711668928988844e-04
1.850000000000000000e+04 0.000000000000000000e+00 0.000000000000000000e+00 0.000000000000000000e+00 0.000000000000000000e+00 0.000000000000000000e+00 4.484381377008666431e-02 0.000000000000000000e+00 8.180708189971392930e-01 0.000000000000000000e+00 2.131324777631412107e-02 0.000000000000000000e+00 1.149271404409445002e-01 0.000000000000000000e+00 2.740257430266919517e-05 0.000000000000000000e+00 2.518968617511666092e-05 0.000000000000000000e+00 0.000000000000000000e+00 0.000000000000000000e+00 8.443676600953197147e-05 0.000000000000000000e+00 0.000000000000000000e+00 0.000000000000000000e+00 0.000000000000000000e+00 0.000000000000000000e+00 4.399639185147056217e-04 6.871490362041031549e-05 1.992711668928988573e-04
1.880000000000000000e+04 0.000000000000000000e+00 0.000000000000000000e+00 0.000000000000000000e+00 0.000000000000000000e+00 0.000000000000000000e+00 4.484381377008666431e-02 0.000000000000000000e+00 8.180708189971394040e-01 0.000000000000000000e+00 2.131324777631412107e-02 0.000000000000000000e+00 1.149271404409445002e-01 0.000000000000000000e+00 2.740257430266919517e-05 0.000000000000000000e+00 2.518968617511666092e-05 0.000000000000000000e+00 0.000000000000000000e+00 0.000000000000000000e+00 8.443676600953197147e-05 0.000000000000000000e+00 0.000000000000000000e+00 0.000000000000000000e+00 0.000000000000000000e+00 0.000000000000000000e+00 4.399639185147055675e-04 6.871490362041031549e-05 1.992711668928988844e-04
1.910000000000000000e+04 0.000000000000000000e+00 0.000000000000000000e+00 0.000000000000000000e+00 0.000000000000000000e+00 0.000000000000000000e+00 4.484381377008665737e-02 0.000000000000000000e+00 8.180708189971392930e-01 0.000000000000000000e+00 2.131324777631411760e-02 0.000000000000000000e+00 1.149271404409445141e-01 0.000000000000000000e+00 2.740257430266919178e-05 0.000000000000000000e+00 2.518968617511665754e-05 0.000000000000000000e+00 0.000000000000000000e+00 0.000000000000000000e+00 8.443676600953195792e-05 0.000000000000000000e+00 0.000000000000000000e+00 0.000000000000000000e+00 0.000000000000000000e+00 0.000000000000000000e+00 4.399639185147055675e-04 6.871490362041030194e-05 1.992711668928988573e-04
1.940000000000000000e+04 0.000000000000000000e+00 0.000000000000000000e+00 0.000000000000000000e+00 0.000000000000000000e+00 0.000000000000000000e+00 4.484381377008666431e-02 0.000000000000000000e+00 8.180708189971394040e-01 0.000000000000000000e+00 2.131324777631412107e-02 0.000000000000000000e+00 1.149271404409444863e-01 0.000000000000000000e+00 2.740257430266918501e-05 0.000000000000000000e+00 2.518968617511665754e-05 0.000000000000000000e+00 0.000000000000000000e+00 0.000000000000000000e+00 8.443676600953195792e-05 0.000000000000000000e+00 0.000000000000000000e+00 0.000000000000000000e+00 0.000000000000000000e+00 0.000000000000000000e+00 4.399639185147055133e-04 6.871490362041031549e-05 1.992711668928988302e-04
1.970000000000000000e+04 0.000000000000000000e+00 0.000000000000000000e+00 0.000000000000000000e+00 0.000000000000000000e+00 0.000000000000000000e+00 4.484381377008666431e-02 0.000000000000000000e+00 8.180708189971394040e-01 0.000000000000000000e+00 2.131324777631412454e-02 0.000000000000000000e+00 1.149271404409445280e-01 0.000000000000000000e+00 2.740257430266919856e-05 0.000000000000000000e+00 2.518968617511666092e-05 0.000000000000000000e+00 0.000000000000000000e+00 0.000000000000000000e+00 8.443676600953197147e-05 0.000000000000000000e+00 0.000000000000000000e+00 0.000000000000000000e+00 0.000000000000000000e+00 0.000000000000000000e+00 4.399639185147055133e-04 6.871490362041031549e-05 1.992711668928988844e-04
